1000 11111000 11111000
1000 11111000 11111001
1000 11111000 11111010
1000 11111000 11111011
1000 11111000 11111100
1000 11111000 11111101
1000 11111000 11111110
1000 11111000 11111111
1000 11111000 00000000
1000 11111000 00000001
1000 11111000 00000010
1000 11111000 00000011
1000 11111000 00000100
1000 11111000 00000101
1000 11111000 00000110
1000 11111000 00000111
1000 11111001 11111000
1000 11111001 11111001
1000 11111001 11111010
1000 11111001 11111011
1000 11111001 11111100
1000 11111001 11111101
1000 11111001 11111110
1000 11111001 11111111
1000 11111001 00000000
1000 11111001 00000001
1000 11111001 00000010
1000 11111001 00000011
1000 11111001 00000100
1000 11111001 00000101
1000 11111001 00000110
1000 11111001 00000111
1000 11111010 11111000
1000 11111010 11111001
1000 11111010 11111010
1000 11111010 11111011
1000 11111010 11111100
1000 11111010 11111101
1000 11111010 11111110
1000 11111010 11111111
1000 11111010 00000000
1000 11111010 00000001
1000 11111010 00000010
1000 11111010 00000011
1000 11111010 00000100
1000 11111010 00000101
1000 11111010 00000110
1000 11111010 00000111
1000 11111011 11111000
1000 11111011 11111001
1000 11111011 11111010
1000 11111011 11111011
1000 11111011 11111100
1000 11111011 11111101
1000 11111011 11111110
1000 11111011 11111111
1000 11111011 00000000
1000 11111011 00000001
1000 11111011 00000010
1000 11111011 00000011
1000 11111011 00000100
1000 11111011 00000101
1000 11111011 00000110
1000 11111011 00000111
1000 11111100 11111000
1000 11111100 11111001
1000 11111100 11111010
1000 11111100 11111011
1000 11111100 11111100
1000 11111100 11111101
1000 11111100 11111110
1000 11111100 11111111
1000 11111100 00000000
1000 11111100 00000001
1000 11111100 00000010
1000 11111100 00000011
1000 11111100 00000100
1000 11111100 00000101
1000 11111100 00000110
1000 11111100 00000111
1000 11111101 11111000
1000 11111101 11111001
1000 11111101 11111010
1000 11111101 11111011
1000 11111101 11111100
1000 11111101 11111101
1000 11111101 11111110
1000 11111101 11111111
1000 11111101 00000000
1000 11111101 00000001
1000 11111101 00000010
1000 11111101 00000011
1000 11111101 00000100
1000 11111101 00000101
1000 11111101 00000110
1000 11111101 00000111
1000 11111110 11111000
1000 11111110 11111001
1000 11111110 11111010
1000 11111110 11111011
1000 11111110 11111100
1000 11111110 11111101
1000 11111110 11111110
1000 11111110 11111111
1000 11111110 00000000
1000 11111110 00000001
1000 11111110 00000010
1000 11111110 00000011
1000 11111110 00000100
1000 11111110 00000101
1000 11111110 00000110
1000 11111110 00000111
1000 11111111 11111000
1000 11111111 11111001
1000 11111111 11111010
1000 11111111 11111011
1000 11111111 11111100
1000 11111111 11111101
1000 11111111 11111110
1000 11111111 11111111
1000 11111111 00000000
1000 11111111 00000001
1000 11111111 00000010
1000 11111111 00000011
1000 11111111 00000100
1000 11111111 00000101
1000 11111111 00000110
1000 11111111 00000111
1000 00000000 11111000
1000 00000000 11111001
1000 00000000 11111010
1000 00000000 11111011
1000 00000000 11111100
1000 00000000 11111101
1000 00000000 11111110
1000 00000000 11111111
1000 00000000 00000000
1000 00000000 00000001
1000 00000000 00000010
1000 00000000 00000011
1000 00000000 00000100
1000 00000000 00000101
1000 00000000 00000110
1000 00000000 00000111
1000 00000001 11111000
1000 00000001 11111001
1000 00000001 11111010
1000 00000001 11111011
1000 00000001 11111100
1000 00000001 11111101
1000 00000001 11111110
1000 00000001 11111111
1000 00000001 00000000
1000 00000001 00000001
1000 00000001 00000010
1000 00000001 00000011
1000 00000001 00000100
1000 00000001 00000101
1000 00000001 00000110
1000 00000001 00000111
1000 00000010 11111000
1000 00000010 11111001
1000 00000010 11111010
1000 00000010 11111011
1000 00000010 11111100
1000 00000010 11111101
1000 00000010 11111110
1000 00000010 11111111
1000 00000010 00000000
1000 00000010 00000001
1000 00000010 00000010
1000 00000010 00000011
1000 00000010 00000100
1000 00000010 00000101
1000 00000010 00000110
1000 00000010 00000111
1000 00000011 11111000
1000 00000011 11111001
1000 00000011 11111010
1000 00000011 11111011
1000 00000011 11111100
1000 00000011 11111101
1000 00000011 11111110
1000 00000011 11111111
1000 00000011 00000000
1000 00000011 00000001
1000 00000011 00000010
1000 00000011 00000011
1000 00000011 00000100
1000 00000011 00000101
1000 00000011 00000110
1000 00000011 00000111
1000 00000100 11111000
1000 00000100 11111001
1000 00000100 11111010
1000 00000100 11111011
1000 00000100 11111100
1000 00000100 11111101
1000 00000100 11111110
1000 00000100 11111111
1000 00000100 00000000
1000 00000100 00000001
1000 00000100 00000010
1000 00000100 00000011
1000 00000100 00000100
1000 00000100 00000101
1000 00000100 00000110
1000 00000100 00000111
1000 00000101 11111000
1000 00000101 11111001
1000 00000101 11111010
1000 00000101 11111011
1000 00000101 11111100
1000 00000101 11111101
1000 00000101 11111110
1000 00000101 11111111
1000 00000101 00000000
1000 00000101 00000001
1000 00000101 00000010
1000 00000101 00000011
1000 00000101 00000100
1000 00000101 00000101
1000 00000101 00000110
1000 00000101 00000111
1000 00000110 11111000
1000 00000110 11111001
1000 00000110 11111010
1000 00000110 11111011
1000 00000110 11111100
1000 00000110 11111101
1000 00000110 11111110
1000 00000110 11111111
1000 00000110 00000000
1000 00000110 00000001
1000 00000110 00000010
1000 00000110 00000011
1000 00000110 00000100
1000 00000110 00000101
1000 00000110 00000110
1000 00000110 00000111
1000 00000111 11111000
1000 00000111 11111001
1000 00000111 11111010
1000 00000111 11111011
1000 00000111 11111100
1000 00000111 11111101
1000 00000111 11111110
1000 00000111 11111111
1000 00000111 00000000
1000 00000111 00000001
1000 00000111 00000010
1000 00000111 00000011
1000 00000111 00000100
1000 00000111 00000101
1000 00000111 00000110
1000 00000111 00000111
1001 11111000 11111000
1001 11111000 11111001
1001 11111000 11111010
1001 11111000 11111011
1001 11111000 11111100
1001 11111000 11111101
1001 11111000 11111110
1001 11111000 11111111
1001 11111000 00000000
1001 11111000 00000001
1001 11111000 00000010
1001 11111000 00000011
1001 11111000 00000100
1001 11111000 00000101
1001 11111000 00000110
1001 11111000 00000111
1001 11111001 11111000
1001 11111001 11111001
1001 11111001 11111010
1001 11111001 11111011
1001 11111001 11111100
1001 11111001 11111101
1001 11111001 11111110
1001 11111001 11111111
1001 11111001 00000000
1001 11111001 00000001
1001 11111001 00000010
1001 11111001 00000011
1001 11111001 00000100
1001 11111001 00000101
1001 11111001 00000110
1001 11111001 00000111
1001 11111010 11111000
1001 11111010 11111001
1001 11111010 11111010
1001 11111010 11111011
1001 11111010 11111100
1001 11111010 11111101
1001 11111010 11111110
1001 11111010 11111111
1001 11111010 00000000
1001 11111010 00000001
1001 11111010 00000010
1001 11111010 00000011
1001 11111010 00000100
1001 11111010 00000101
1001 11111010 00000110
1001 11111010 00000111
1001 11111011 11111000
1001 11111011 11111001
1001 11111011 11111010
1001 11111011 11111011
1001 11111011 11111100
1001 11111011 11111101
1001 11111011 11111110
1001 11111011 11111111
1001 11111011 00000000
1001 11111011 00000001
1001 11111011 00000010
1001 11111011 00000011
1001 11111011 00000100
1001 11111011 00000101
1001 11111011 00000110
1001 11111011 00000111
1001 11111100 11111000
1001 11111100 11111001
1001 11111100 11111010
1001 11111100 11111011
1001 11111100 11111100
1001 11111100 11111101
1001 11111100 11111110
1001 11111100 11111111
1001 11111100 00000000
1001 11111100 00000001
1001 11111100 00000010
1001 11111100 00000011
1001 11111100 00000100
1001 11111100 00000101
1001 11111100 00000110
1001 11111100 00000111
1001 11111101 11111000
1001 11111101 11111001
1001 11111101 11111010
1001 11111101 11111011
1001 11111101 11111100
1001 11111101 11111101
1001 11111101 11111110
1001 11111101 11111111
1001 11111101 00000000
1001 11111101 00000001
1001 11111101 00000010
1001 11111101 00000011
1001 11111101 00000100
1001 11111101 00000101
1001 11111101 00000110
1001 11111101 00000111
1001 11111110 11111000
1001 11111110 11111001
1001 11111110 11111010
1001 11111110 11111011
1001 11111110 11111100
1001 11111110 11111101
1001 11111110 11111110
1001 11111110 11111111
1001 11111110 00000000
1001 11111110 00000001
1001 11111110 00000010
1001 11111110 00000011
1001 11111110 00000100
1001 11111110 00000101
1001 11111110 00000110
1001 11111110 00000111
1001 11111111 11111000
1001 11111111 11111001
1001 11111111 11111010
1001 11111111 11111011
1001 11111111 11111100
1001 11111111 11111101
1001 11111111 11111110
1001 11111111 11111111
1001 11111111 00000000
1001 11111111 00000001
1001 11111111 00000010
1001 11111111 00000011
1001 11111111 00000100
1001 11111111 00000101
1001 11111111 00000110
1001 11111111 00000111
1001 00000000 11111000
1001 00000000 11111001
1001 00000000 11111010
1001 00000000 11111011
1001 00000000 11111100
1001 00000000 11111101
1001 00000000 11111110
1001 00000000 11111111
1001 00000000 00000000
1001 00000000 00000001
1001 00000000 00000010
1001 00000000 00000011
1001 00000000 00000100
1001 00000000 00000101
1001 00000000 00000110
1001 00000000 00000111
1001 00000001 11111000
1001 00000001 11111001
1001 00000001 11111010
1001 00000001 11111011
1001 00000001 11111100
1001 00000001 11111101
1001 00000001 11111110
1001 00000001 11111111
1001 00000001 00000000
1001 00000001 00000001
1001 00000001 00000010
1001 00000001 00000011
1001 00000001 00000100
1001 00000001 00000101
1001 00000001 00000110
1001 00000001 00000111
1001 00000010 11111000
1001 00000010 11111001
1001 00000010 11111010
1001 00000010 11111011
1001 00000010 11111100
1001 00000010 11111101
1001 00000010 11111110
1001 00000010 11111111
1001 00000010 00000000
1001 00000010 00000001
1001 00000010 00000010
1001 00000010 00000011
1001 00000010 00000100
1001 00000010 00000101
1001 00000010 00000110
1001 00000010 00000111
1001 00000011 11111000
1001 00000011 11111001
1001 00000011 11111010
1001 00000011 11111011
1001 00000011 11111100
1001 00000011 11111101
1001 00000011 11111110
1001 00000011 11111111
1001 00000011 00000000
1001 00000011 00000001
1001 00000011 00000010
1001 00000011 00000011
1001 00000011 00000100
1001 00000011 00000101
1001 00000011 00000110
1001 00000011 00000111
1001 00000100 11111000
1001 00000100 11111001
1001 00000100 11111010
1001 00000100 11111011
1001 00000100 11111100
1001 00000100 11111101
1001 00000100 11111110
1001 00000100 11111111
1001 00000100 00000000
1001 00000100 00000001
1001 00000100 00000010
1001 00000100 00000011
1001 00000100 00000100
1001 00000100 00000101
1001 00000100 00000110
1001 00000100 00000111
1001 00000101 11111000
1001 00000101 11111001
1001 00000101 11111010
1001 00000101 11111011
1001 00000101 11111100
1001 00000101 11111101
1001 00000101 11111110
1001 00000101 11111111
1001 00000101 00000000
1001 00000101 00000001
1001 00000101 00000010
1001 00000101 00000011
1001 00000101 00000100
1001 00000101 00000101
1001 00000101 00000110
1001 00000101 00000111
1001 00000110 11111000
1001 00000110 11111001
1001 00000110 11111010
1001 00000110 11111011
1001 00000110 11111100
1001 00000110 11111101
1001 00000110 11111110
1001 00000110 11111111
1001 00000110 00000000
1001 00000110 00000001
1001 00000110 00000010
1001 00000110 00000011
1001 00000110 00000100
1001 00000110 00000101
1001 00000110 00000110
1001 00000110 00000111
1001 00000111 11111000
1001 00000111 11111001
1001 00000111 11111010
1001 00000111 11111011
1001 00000111 11111100
1001 00000111 11111101
1001 00000111 11111110
1001 00000111 11111111
1001 00000111 00000000
1001 00000111 00000001
1001 00000111 00000010
1001 00000111 00000011
1001 00000111 00000100
1001 00000111 00000101
1001 00000111 00000110
1001 00000111 00000111
1010 11111000 11111000
1010 11111000 11111001
1010 11111000 11111010
1010 11111000 11111011
1010 11111000 11111100
1010 11111000 11111101
1010 11111000 11111110
1010 11111000 11111111
1010 11111000 00000000
1010 11111000 00000001
1010 11111000 00000010
1010 11111000 00000011
1010 11111000 00000100
1010 11111000 00000101
1010 11111000 00000110
1010 11111000 00000111
1010 11111001 11111000
1010 11111001 11111001
1010 11111001 11111010
1010 11111001 11111011
1010 11111001 11111100
1010 11111001 11111101
1010 11111001 11111110
1010 11111001 11111111
1010 11111001 00000000
1010 11111001 00000001
1010 11111001 00000010
1010 11111001 00000011
1010 11111001 00000100
1010 11111001 00000101
1010 11111001 00000110
1010 11111001 00000111
1010 11111010 11111000
1010 11111010 11111001
1010 11111010 11111010
1010 11111010 11111011
1010 11111010 11111100
1010 11111010 11111101
1010 11111010 11111110
1010 11111010 11111111
1010 11111010 00000000
1010 11111010 00000001
1010 11111010 00000010
1010 11111010 00000011
1010 11111010 00000100
1010 11111010 00000101
1010 11111010 00000110
1010 11111010 00000111
1010 11111011 11111000
1010 11111011 11111001
1010 11111011 11111010
1010 11111011 11111011
1010 11111011 11111100
1010 11111011 11111101
1010 11111011 11111110
1010 11111011 11111111
1010 11111011 00000000
1010 11111011 00000001
1010 11111011 00000010
1010 11111011 00000011
1010 11111011 00000100
1010 11111011 00000101
1010 11111011 00000110
1010 11111011 00000111
1010 11111100 11111000
1010 11111100 11111001
1010 11111100 11111010
1010 11111100 11111011
1010 11111100 11111100
1010 11111100 11111101
1010 11111100 11111110
1010 11111100 11111111
1010 11111100 00000000
1010 11111100 00000001
1010 11111100 00000010
1010 11111100 00000011
1010 11111100 00000100
1010 11111100 00000101
1010 11111100 00000110
1010 11111100 00000111
1010 11111101 11111000
1010 11111101 11111001
1010 11111101 11111010
1010 11111101 11111011
1010 11111101 11111100
1010 11111101 11111101
1010 11111101 11111110
1010 11111101 11111111
1010 11111101 00000000
1010 11111101 00000001
1010 11111101 00000010
1010 11111101 00000011
1010 11111101 00000100
1010 11111101 00000101
1010 11111101 00000110
1010 11111101 00000111
1010 11111110 11111000
1010 11111110 11111001
1010 11111110 11111010
1010 11111110 11111011
1010 11111110 11111100
1010 11111110 11111101
1010 11111110 11111110
1010 11111110 11111111
1010 11111110 00000000
1010 11111110 00000001
1010 11111110 00000010
1010 11111110 00000011
1010 11111110 00000100
1010 11111110 00000101
1010 11111110 00000110
1010 11111110 00000111
1010 11111111 11111000
1010 11111111 11111001
1010 11111111 11111010
1010 11111111 11111011
1010 11111111 11111100
1010 11111111 11111101
1010 11111111 11111110
1010 11111111 11111111
1010 11111111 00000000
1010 11111111 00000001
1010 11111111 00000010
1010 11111111 00000011
1010 11111111 00000100
1010 11111111 00000101
1010 11111111 00000110
1010 11111111 00000111
1010 00000000 11111000
1010 00000000 11111001
1010 00000000 11111010
1010 00000000 11111011
1010 00000000 11111100
1010 00000000 11111101
1010 00000000 11111110
1010 00000000 11111111
1010 00000000 00000000
1010 00000000 00000001
1010 00000000 00000010
1010 00000000 00000011
1010 00000000 00000100
1010 00000000 00000101
1010 00000000 00000110
1010 00000000 00000111
1010 00000001 11111000
1010 00000001 11111001
1010 00000001 11111010
1010 00000001 11111011
1010 00000001 11111100
1010 00000001 11111101
1010 00000001 11111110
1010 00000001 11111111
1010 00000001 00000000
1010 00000001 00000001
1010 00000001 00000010
1010 00000001 00000011
1010 00000001 00000100
1010 00000001 00000101
1010 00000001 00000110
1010 00000001 00000111
1010 00000010 11111000
1010 00000010 11111001
1010 00000010 11111010
1010 00000010 11111011
1010 00000010 11111100
1010 00000010 11111101
1010 00000010 11111110
1010 00000010 11111111
1010 00000010 00000000
1010 00000010 00000001
1010 00000010 00000010
1010 00000010 00000011
1010 00000010 00000100
1010 00000010 00000101
1010 00000010 00000110
1010 00000010 00000111
1010 00000011 11111000
1010 00000011 11111001
1010 00000011 11111010
1010 00000011 11111011
1010 00000011 11111100
1010 00000011 11111101
1010 00000011 11111110
1010 00000011 11111111
1010 00000011 00000000
1010 00000011 00000001
1010 00000011 00000010
1010 00000011 00000011
1010 00000011 00000100
1010 00000011 00000101
1010 00000011 00000110
1010 00000011 00000111
1010 00000100 11111000
1010 00000100 11111001
1010 00000100 11111010
1010 00000100 11111011
1010 00000100 11111100
1010 00000100 11111101
1010 00000100 11111110
1010 00000100 11111111
1010 00000100 00000000
1010 00000100 00000001
1010 00000100 00000010
1010 00000100 00000011
1010 00000100 00000100
1010 00000100 00000101
1010 00000100 00000110
1010 00000100 00000111
1010 00000101 11111000
1010 00000101 11111001
1010 00000101 11111010
1010 00000101 11111011
1010 00000101 11111100
1010 00000101 11111101
1010 00000101 11111110
1010 00000101 11111111
1010 00000101 00000000
1010 00000101 00000001
1010 00000101 00000010
1010 00000101 00000011
1010 00000101 00000100
1010 00000101 00000101
1010 00000101 00000110
1010 00000101 00000111
1010 00000110 11111000
1010 00000110 11111001
1010 00000110 11111010
1010 00000110 11111011
1010 00000110 11111100
1010 00000110 11111101
1010 00000110 11111110
1010 00000110 11111111
1010 00000110 00000000
1010 00000110 00000001
1010 00000110 00000010
1010 00000110 00000011
1010 00000110 00000100
1010 00000110 00000101
1010 00000110 00000110
1010 00000110 00000111
1010 00000111 11111000
1010 00000111 11111001
1010 00000111 11111010
1010 00000111 11111011
1010 00000111 11111100
1010 00000111 11111101
1010 00000111 11111110
1010 00000111 11111111
1010 00000111 00000000
1010 00000111 00000001
1010 00000111 00000010
1010 00000111 00000011
1010 00000111 00000100
1010 00000111 00000101
1010 00000111 00000110
1010 00000111 00000111
1011 11111000 11111000
1011 11111000 11111001
1011 11111000 11111010
1011 11111000 11111011
1011 11111000 11111100
1011 11111000 11111101
1011 11111000 11111110
1011 11111000 11111111
1011 11111000 00000000
1011 11111000 00000001
1011 11111000 00000010
1011 11111000 00000011
1011 11111000 00000100
1011 11111000 00000101
1011 11111000 00000110
1011 11111000 00000111
1011 11111001 11111000
1011 11111001 11111001
1011 11111001 11111010
1011 11111001 11111011
1011 11111001 11111100
1011 11111001 11111101
1011 11111001 11111110
1011 11111001 11111111
1011 11111001 00000000
1011 11111001 00000001
1011 11111001 00000010
1011 11111001 00000011
1011 11111001 00000100
1011 11111001 00000101
1011 11111001 00000110
1011 11111001 00000111
1011 11111010 11111000
1011 11111010 11111001
1011 11111010 11111010
1011 11111010 11111011
1011 11111010 11111100
1011 11111010 11111101
1011 11111010 11111110
1011 11111010 11111111
1011 11111010 00000000
1011 11111010 00000001
1011 11111010 00000010
1011 11111010 00000011
1011 11111010 00000100
1011 11111010 00000101
1011 11111010 00000110
1011 11111010 00000111
1011 11111011 11111000
1011 11111011 11111001
1011 11111011 11111010
1011 11111011 11111011
1011 11111011 11111100
1011 11111011 11111101
1011 11111011 11111110
1011 11111011 11111111
1011 11111011 00000000
1011 11111011 00000001
1011 11111011 00000010
1011 11111011 00000011
1011 11111011 00000100
1011 11111011 00000101
1011 11111011 00000110
1011 11111011 00000111
1011 11111100 11111000
1011 11111100 11111001
1011 11111100 11111010
1011 11111100 11111011
1011 11111100 11111100
1011 11111100 11111101
1011 11111100 11111110
1011 11111100 11111111
1011 11111100 00000000
1011 11111100 00000001
1011 11111100 00000010
1011 11111100 00000011
1011 11111100 00000100
1011 11111100 00000101
1011 11111100 00000110
1011 11111100 00000111
1011 11111101 11111000
1011 11111101 11111001
1011 11111101 11111010
1011 11111101 11111011
1011 11111101 11111100
1011 11111101 11111101
1011 11111101 11111110
1011 11111101 11111111
1011 11111101 00000000
1011 11111101 00000001
1011 11111101 00000010
1011 11111101 00000011
1011 11111101 00000100
1011 11111101 00000101
1011 11111101 00000110
1011 11111101 00000111
1011 11111110 11111000
1011 11111110 11111001
1011 11111110 11111010
1011 11111110 11111011
1011 11111110 11111100
1011 11111110 11111101
1011 11111110 11111110
1011 11111110 11111111
1011 11111110 00000000
1011 11111110 00000001
1011 11111110 00000010
1011 11111110 00000011
1011 11111110 00000100
1011 11111110 00000101
1011 11111110 00000110
1011 11111110 00000111
1011 11111111 11111000
1011 11111111 11111001
1011 11111111 11111010
1011 11111111 11111011
1011 11111111 11111100
1011 11111111 11111101
1011 11111111 11111110
1011 11111111 11111111
1011 11111111 00000000
1011 11111111 00000001
1011 11111111 00000010
1011 11111111 00000011
1011 11111111 00000100
1011 11111111 00000101
1011 11111111 00000110
1011 11111111 00000111
1011 00000000 11111000
1011 00000000 11111001
1011 00000000 11111010
1011 00000000 11111011
1011 00000000 11111100
1011 00000000 11111101
1011 00000000 11111110
1011 00000000 11111111
1011 00000000 00000000
1011 00000000 00000001
1011 00000000 00000010
1011 00000000 00000011
1011 00000000 00000100
1011 00000000 00000101
1011 00000000 00000110
1011 00000000 00000111
1011 00000001 11111000
1011 00000001 11111001
1011 00000001 11111010
1011 00000001 11111011
1011 00000001 11111100
1011 00000001 11111101
1011 00000001 11111110
1011 00000001 11111111
1011 00000001 00000000
1011 00000001 00000001
1011 00000001 00000010
1011 00000001 00000011
1011 00000001 00000100
1011 00000001 00000101
1011 00000001 00000110
1011 00000001 00000111
1011 00000010 11111000
1011 00000010 11111001
1011 00000010 11111010
1011 00000010 11111011
1011 00000010 11111100
1011 00000010 11111101
1011 00000010 11111110
1011 00000010 11111111
1011 00000010 00000000
1011 00000010 00000001
1011 00000010 00000010
1011 00000010 00000011
1011 00000010 00000100
1011 00000010 00000101
1011 00000010 00000110
1011 00000010 00000111
1011 00000011 11111000
1011 00000011 11111001
1011 00000011 11111010
1011 00000011 11111011
1011 00000011 11111100
1011 00000011 11111101
1011 00000011 11111110
1011 00000011 11111111
1011 00000011 00000000
1011 00000011 00000001
1011 00000011 00000010
1011 00000011 00000011
1011 00000011 00000100
1011 00000011 00000101
1011 00000011 00000110
1011 00000011 00000111
1011 00000100 11111000
1011 00000100 11111001
1011 00000100 11111010
1011 00000100 11111011
1011 00000100 11111100
1011 00000100 11111101
1011 00000100 11111110
1011 00000100 11111111
1011 00000100 00000000
1011 00000100 00000001
1011 00000100 00000010
1011 00000100 00000011
1011 00000100 00000100
1011 00000100 00000101
1011 00000100 00000110
1011 00000100 00000111
1011 00000101 11111000
1011 00000101 11111001
1011 00000101 11111010
1011 00000101 11111011
1011 00000101 11111100
1011 00000101 11111101
1011 00000101 11111110
1011 00000101 11111111
1011 00000101 00000000
1011 00000101 00000001
1011 00000101 00000010
1011 00000101 00000011
1011 00000101 00000100
1011 00000101 00000101
1011 00000101 00000110
1011 00000101 00000111
1011 00000110 11111000
1011 00000110 11111001
1011 00000110 11111010
1011 00000110 11111011
1011 00000110 11111100
1011 00000110 11111101
1011 00000110 11111110
1011 00000110 11111111
1011 00000110 00000000
1011 00000110 00000001
1011 00000110 00000010
1011 00000110 00000011
1011 00000110 00000100
1011 00000110 00000101
1011 00000110 00000110
1011 00000110 00000111
1011 00000111 11111000
1011 00000111 11111001
1011 00000111 11111010
1011 00000111 11111011
1011 00000111 11111100
1011 00000111 11111101
1011 00000111 11111110
1011 00000111 11111111
1011 00000111 00000000
1011 00000111 00000001
1011 00000111 00000010
1011 00000111 00000011
1011 00000111 00000100
1011 00000111 00000101
1011 00000111 00000110
1011 00000111 00000111
1100 11111000 11111000
1100 11111000 11111001
1100 11111000 11111010
1100 11111000 11111011
1100 11111000 11111100
1100 11111000 11111101
1100 11111000 11111110
1100 11111000 11111111
1100 11111000 00000000
1100 11111000 00000001
1100 11111000 00000010
1100 11111000 00000011
1100 11111000 00000100
1100 11111000 00000101
1100 11111000 00000110
1100 11111000 00000111
1100 11111001 11111000
1100 11111001 11111001
1100 11111001 11111010
1100 11111001 11111011
1100 11111001 11111100
1100 11111001 11111101
1100 11111001 11111110
1100 11111001 11111111
1100 11111001 00000000
1100 11111001 00000001
1100 11111001 00000010
1100 11111001 00000011
1100 11111001 00000100
1100 11111001 00000101
1100 11111001 00000110
1100 11111001 00000111
1100 11111010 11111000
1100 11111010 11111001
1100 11111010 11111010
1100 11111010 11111011
1100 11111010 11111100
1100 11111010 11111101
1100 11111010 11111110
1100 11111010 11111111
1100 11111010 00000000
1100 11111010 00000001
1100 11111010 00000010
1100 11111010 00000011
1100 11111010 00000100
1100 11111010 00000101
1100 11111010 00000110
1100 11111010 00000111
1100 11111011 11111000
1100 11111011 11111001
1100 11111011 11111010
1100 11111011 11111011
1100 11111011 11111100
1100 11111011 11111101
1100 11111011 11111110
1100 11111011 11111111
1100 11111011 00000000
1100 11111011 00000001
1100 11111011 00000010
1100 11111011 00000011
1100 11111011 00000100
1100 11111011 00000101
1100 11111011 00000110
1100 11111011 00000111
1100 11111100 11111000
1100 11111100 11111001
1100 11111100 11111010
1100 11111100 11111011
1100 11111100 11111100
1100 11111100 11111101
1100 11111100 11111110
1100 11111100 11111111
1100 11111100 00000000
1100 11111100 00000001
1100 11111100 00000010
1100 11111100 00000011
1100 11111100 00000100
1100 11111100 00000101
1100 11111100 00000110
1100 11111100 00000111
1100 11111101 11111000
1100 11111101 11111001
1100 11111101 11111010
1100 11111101 11111011
1100 11111101 11111100
1100 11111101 11111101
1100 11111101 11111110
1100 11111101 11111111
1100 11111101 00000000
1100 11111101 00000001
1100 11111101 00000010
1100 11111101 00000011
1100 11111101 00000100
1100 11111101 00000101
1100 11111101 00000110
1100 11111101 00000111
1100 11111110 11111000
1100 11111110 11111001
1100 11111110 11111010
1100 11111110 11111011
1100 11111110 11111100
1100 11111110 11111101
1100 11111110 11111110
1100 11111110 11111111
1100 11111110 00000000
1100 11111110 00000001
1100 11111110 00000010
1100 11111110 00000011
1100 11111110 00000100
1100 11111110 00000101
1100 11111110 00000110
1100 11111110 00000111
1100 11111111 11111000
1100 11111111 11111001
1100 11111111 11111010
1100 11111111 11111011
1100 11111111 11111100
1100 11111111 11111101
1100 11111111 11111110
1100 11111111 11111111
1100 11111111 00000000
1100 11111111 00000001
1100 11111111 00000010
1100 11111111 00000011
1100 11111111 00000100
1100 11111111 00000101
1100 11111111 00000110
1100 11111111 00000111
1100 00000000 11111000
1100 00000000 11111001
1100 00000000 11111010
1100 00000000 11111011
1100 00000000 11111100
1100 00000000 11111101
1100 00000000 11111110
1100 00000000 11111111
1100 00000000 00000000
1100 00000000 00000001
1100 00000000 00000010
1100 00000000 00000011
1100 00000000 00000100
1100 00000000 00000101
1100 00000000 00000110
1100 00000000 00000111
1100 00000001 11111000
1100 00000001 11111001
1100 00000001 11111010
1100 00000001 11111011
1100 00000001 11111100
1100 00000001 11111101
1100 00000001 11111110
1100 00000001 11111111
1100 00000001 00000000
1100 00000001 00000001
1100 00000001 00000010
1100 00000001 00000011
1100 00000001 00000100
1100 00000001 00000101
1100 00000001 00000110
1100 00000001 00000111
1100 00000010 11111000
1100 00000010 11111001
1100 00000010 11111010
1100 00000010 11111011
1100 00000010 11111100
1100 00000010 11111101
1100 00000010 11111110
1100 00000010 11111111
1100 00000010 00000000
1100 00000010 00000001
1100 00000010 00000010
1100 00000010 00000011
1100 00000010 00000100
1100 00000010 00000101
1100 00000010 00000110
1100 00000010 00000111
1100 00000011 11111000
1100 00000011 11111001
1100 00000011 11111010
1100 00000011 11111011
1100 00000011 11111100
1100 00000011 11111101
1100 00000011 11111110
1100 00000011 11111111
1100 00000011 00000000
1100 00000011 00000001
1100 00000011 00000010
1100 00000011 00000011
1100 00000011 00000100
1100 00000011 00000101
1100 00000011 00000110
1100 00000011 00000111
1100 00000100 11111000
1100 00000100 11111001
1100 00000100 11111010
1100 00000100 11111011
1100 00000100 11111100
1100 00000100 11111101
1100 00000100 11111110
1100 00000100 11111111
1100 00000100 00000000
1100 00000100 00000001
1100 00000100 00000010
1100 00000100 00000011
1100 00000100 00000100
1100 00000100 00000101
1100 00000100 00000110
1100 00000100 00000111
1100 00000101 11111000
1100 00000101 11111001
1100 00000101 11111010
1100 00000101 11111011
1100 00000101 11111100
1100 00000101 11111101
1100 00000101 11111110
1100 00000101 11111111
1100 00000101 00000000
1100 00000101 00000001
1100 00000101 00000010
1100 00000101 00000011
1100 00000101 00000100
1100 00000101 00000101
1100 00000101 00000110
1100 00000101 00000111
1100 00000110 11111000
1100 00000110 11111001
1100 00000110 11111010
1100 00000110 11111011
1100 00000110 11111100
1100 00000110 11111101
1100 00000110 11111110
1100 00000110 11111111
1100 00000110 00000000
1100 00000110 00000001
1100 00000110 00000010
1100 00000110 00000011
1100 00000110 00000100
1100 00000110 00000101
1100 00000110 00000110
1100 00000110 00000111
1100 00000111 11111000
1100 00000111 11111001
1100 00000111 11111010
1100 00000111 11111011
1100 00000111 11111100
1100 00000111 11111101
1100 00000111 11111110
1100 00000111 11111111
1100 00000111 00000000
1100 00000111 00000001
1100 00000111 00000010
1100 00000111 00000011
1100 00000111 00000100
1100 00000111 00000101
1100 00000111 00000110
1100 00000111 00000111
1101 11111000 11111000
1101 11111000 11111001
1101 11111000 11111010
1101 11111000 11111011
1101 11111000 11111100
1101 11111000 11111101
1101 11111000 11111110
1101 11111000 11111111
1101 11111000 00000000
1101 11111000 00000001
1101 11111000 00000010
1101 11111000 00000011
1101 11111000 00000100
1101 11111000 00000101
1101 11111000 00000110
1101 11111000 00000111
1101 11111001 11111000
1101 11111001 11111001
1101 11111001 11111010
1101 11111001 11111011
1101 11111001 11111100
1101 11111001 11111101
1101 11111001 11111110
1101 11111001 11111111
1101 11111001 00000000
1101 11111001 00000001
1101 11111001 00000010
1101 11111001 00000011
1101 11111001 00000100
1101 11111001 00000101
1101 11111001 00000110
1101 11111001 00000111
1101 11111010 11111000
1101 11111010 11111001
1101 11111010 11111010
1101 11111010 11111011
1101 11111010 11111100
1101 11111010 11111101
1101 11111010 11111110
1101 11111010 11111111
1101 11111010 00000000
1101 11111010 00000001
1101 11111010 00000010
1101 11111010 00000011
1101 11111010 00000100
1101 11111010 00000101
1101 11111010 00000110
1101 11111010 00000111
1101 11111011 11111000
1101 11111011 11111001
1101 11111011 11111010
1101 11111011 11111011
1101 11111011 11111100
1101 11111011 11111101
1101 11111011 11111110
1101 11111011 11111111
1101 11111011 00000000
1101 11111011 00000001
1101 11111011 00000010
1101 11111011 00000011
1101 11111011 00000100
1101 11111011 00000101
1101 11111011 00000110
1101 11111011 00000111
1101 11111100 11111000
1101 11111100 11111001
1101 11111100 11111010
1101 11111100 11111011
1101 11111100 11111100
1101 11111100 11111101
1101 11111100 11111110
1101 11111100 11111111
1101 11111100 00000000
1101 11111100 00000001
1101 11111100 00000010
1101 11111100 00000011
1101 11111100 00000100
1101 11111100 00000101
1101 11111100 00000110
1101 11111100 00000111
1101 11111101 11111000
1101 11111101 11111001
1101 11111101 11111010
1101 11111101 11111011
1101 11111101 11111100
1101 11111101 11111101
1101 11111101 11111110
1101 11111101 11111111
1101 11111101 00000000
1101 11111101 00000001
1101 11111101 00000010
1101 11111101 00000011
1101 11111101 00000100
1101 11111101 00000101
1101 11111101 00000110
1101 11111101 00000111
1101 11111110 11111000
1101 11111110 11111001
1101 11111110 11111010
1101 11111110 11111011
1101 11111110 11111100
1101 11111110 11111101
1101 11111110 11111110
1101 11111110 11111111
1101 11111110 00000000
1101 11111110 00000001
1101 11111110 00000010
1101 11111110 00000011
1101 11111110 00000100
1101 11111110 00000101
1101 11111110 00000110
1101 11111110 00000111
1101 11111111 11111000
1101 11111111 11111001
1101 11111111 11111010
1101 11111111 11111011
1101 11111111 11111100
1101 11111111 11111101
1101 11111111 11111110
1101 11111111 11111111
1101 11111111 00000000
1101 11111111 00000001
1101 11111111 00000010
1101 11111111 00000011
1101 11111111 00000100
1101 11111111 00000101
1101 11111111 00000110
1101 11111111 00000111
1101 00000000 11111000
1101 00000000 11111001
1101 00000000 11111010
1101 00000000 11111011
1101 00000000 11111100
1101 00000000 11111101
1101 00000000 11111110
1101 00000000 11111111
1101 00000000 00000000
1101 00000000 00000001
1101 00000000 00000010
1101 00000000 00000011
1101 00000000 00000100
1101 00000000 00000101
1101 00000000 00000110
1101 00000000 00000111
1101 00000001 11111000
1101 00000001 11111001
1101 00000001 11111010
1101 00000001 11111011
1101 00000001 11111100
1101 00000001 11111101
1101 00000001 11111110
1101 00000001 11111111
1101 00000001 00000000
1101 00000001 00000001
1101 00000001 00000010
1101 00000001 00000011
1101 00000001 00000100
1101 00000001 00000101
1101 00000001 00000110
1101 00000001 00000111
1101 00000010 11111000
1101 00000010 11111001
1101 00000010 11111010
1101 00000010 11111011
1101 00000010 11111100
1101 00000010 11111101
1101 00000010 11111110
1101 00000010 11111111
1101 00000010 00000000
1101 00000010 00000001
1101 00000010 00000010
1101 00000010 00000011
1101 00000010 00000100
1101 00000010 00000101
1101 00000010 00000110
1101 00000010 00000111
1101 00000011 11111000
1101 00000011 11111001
1101 00000011 11111010
1101 00000011 11111011
1101 00000011 11111100
1101 00000011 11111101
1101 00000011 11111110
1101 00000011 11111111
1101 00000011 00000000
1101 00000011 00000001
1101 00000011 00000010
1101 00000011 00000011
1101 00000011 00000100
1101 00000011 00000101
1101 00000011 00000110
1101 00000011 00000111
1101 00000100 11111000
1101 00000100 11111001
1101 00000100 11111010
1101 00000100 11111011
1101 00000100 11111100
1101 00000100 11111101
1101 00000100 11111110
1101 00000100 11111111
1101 00000100 00000000
1101 00000100 00000001
1101 00000100 00000010
1101 00000100 00000011
1101 00000100 00000100
1101 00000100 00000101
1101 00000100 00000110
1101 00000100 00000111
1101 00000101 11111000
1101 00000101 11111001
1101 00000101 11111010
1101 00000101 11111011
1101 00000101 11111100
1101 00000101 11111101
1101 00000101 11111110
1101 00000101 11111111
1101 00000101 00000000
1101 00000101 00000001
1101 00000101 00000010
1101 00000101 00000011
1101 00000101 00000100
1101 00000101 00000101
1101 00000101 00000110
1101 00000101 00000111
1101 00000110 11111000
1101 00000110 11111001
1101 00000110 11111010
1101 00000110 11111011
1101 00000110 11111100
1101 00000110 11111101
1101 00000110 11111110
1101 00000110 11111111
1101 00000110 00000000
1101 00000110 00000001
1101 00000110 00000010
1101 00000110 00000011
1101 00000110 00000100
1101 00000110 00000101
1101 00000110 00000110
1101 00000110 00000111
1101 00000111 11111000
1101 00000111 11111001
1101 00000111 11111010
1101 00000111 11111011
1101 00000111 11111100
1101 00000111 11111101
1101 00000111 11111110
1101 00000111 11111111
1101 00000111 00000000
1101 00000111 00000001
1101 00000111 00000010
1101 00000111 00000011
1101 00000111 00000100
1101 00000111 00000101
1101 00000111 00000110
1101 00000111 00000111
1110 11111000 11111000
1110 11111000 11111001
1110 11111000 11111010
1110 11111000 11111011
1110 11111000 11111100
1110 11111000 11111101
1110 11111000 11111110
1110 11111000 11111111
1110 11111000 00000000
1110 11111000 00000001
1110 11111000 00000010
1110 11111000 00000011
1110 11111000 00000100
1110 11111000 00000101
1110 11111000 00000110
1110 11111000 00000111
1110 11111001 11111000
1110 11111001 11111001
1110 11111001 11111010
1110 11111001 11111011
1110 11111001 11111100
1110 11111001 11111101
1110 11111001 11111110
1110 11111001 11111111
1110 11111001 00000000
1110 11111001 00000001
1110 11111001 00000010
1110 11111001 00000011
1110 11111001 00000100
1110 11111001 00000101
1110 11111001 00000110
1110 11111001 00000111
1110 11111010 11111000
1110 11111010 11111001
1110 11111010 11111010
1110 11111010 11111011
1110 11111010 11111100
1110 11111010 11111101
1110 11111010 11111110
1110 11111010 11111111
1110 11111010 00000000
1110 11111010 00000001
1110 11111010 00000010
1110 11111010 00000011
1110 11111010 00000100
1110 11111010 00000101
1110 11111010 00000110
1110 11111010 00000111
1110 11111011 11111000
1110 11111011 11111001
1110 11111011 11111010
1110 11111011 11111011
1110 11111011 11111100
1110 11111011 11111101
1110 11111011 11111110
1110 11111011 11111111
1110 11111011 00000000
1110 11111011 00000001
1110 11111011 00000010
1110 11111011 00000011
1110 11111011 00000100
1110 11111011 00000101
1110 11111011 00000110
1110 11111011 00000111
1110 11111100 11111000
1110 11111100 11111001
1110 11111100 11111010
1110 11111100 11111011
1110 11111100 11111100
1110 11111100 11111101
1110 11111100 11111110
1110 11111100 11111111
1110 11111100 00000000
1110 11111100 00000001
1110 11111100 00000010
1110 11111100 00000011
1110 11111100 00000100
1110 11111100 00000101
1110 11111100 00000110
1110 11111100 00000111
1110 11111101 11111000
1110 11111101 11111001
1110 11111101 11111010
1110 11111101 11111011
1110 11111101 11111100
1110 11111101 11111101
1110 11111101 11111110
1110 11111101 11111111
1110 11111101 00000000
1110 11111101 00000001
1110 11111101 00000010
1110 11111101 00000011
1110 11111101 00000100
1110 11111101 00000101
1110 11111101 00000110
1110 11111101 00000111
1110 11111110 11111000
1110 11111110 11111001
1110 11111110 11111010
1110 11111110 11111011
1110 11111110 11111100
1110 11111110 11111101
1110 11111110 11111110
1110 11111110 11111111
1110 11111110 00000000
1110 11111110 00000001
1110 11111110 00000010
1110 11111110 00000011
1110 11111110 00000100
1110 11111110 00000101
1110 11111110 00000110
1110 11111110 00000111
1110 11111111 11111000
1110 11111111 11111001
1110 11111111 11111010
1110 11111111 11111011
1110 11111111 11111100
1110 11111111 11111101
1110 11111111 11111110
1110 11111111 11111111
1110 11111111 00000000
1110 11111111 00000001
1110 11111111 00000010
1110 11111111 00000011
1110 11111111 00000100
1110 11111111 00000101
1110 11111111 00000110
1110 11111111 00000111
1110 00000000 11111000
1110 00000000 11111001
1110 00000000 11111010
1110 00000000 11111011
1110 00000000 11111100
1110 00000000 11111101
1110 00000000 11111110
1110 00000000 11111111
1110 00000000 00000000
1110 00000000 00000001
1110 00000000 00000010
1110 00000000 00000011
1110 00000000 00000100
1110 00000000 00000101
1110 00000000 00000110
1110 00000000 00000111
1110 00000001 11111000
1110 00000001 11111001
1110 00000001 11111010
1110 00000001 11111011
1110 00000001 11111100
1110 00000001 11111101
1110 00000001 11111110
1110 00000001 11111111
1110 00000001 00000000
1110 00000001 00000001
1110 00000001 00000010
1110 00000001 00000011
1110 00000001 00000100
1110 00000001 00000101
1110 00000001 00000110
1110 00000001 00000111
1110 00000010 11111000
1110 00000010 11111001
1110 00000010 11111010
1110 00000010 11111011
1110 00000010 11111100
1110 00000010 11111101
1110 00000010 11111110
1110 00000010 11111111
1110 00000010 00000000
1110 00000010 00000001
1110 00000010 00000010
1110 00000010 00000011
1110 00000010 00000100
1110 00000010 00000101
1110 00000010 00000110
1110 00000010 00000111
1110 00000011 11111000
1110 00000011 11111001
1110 00000011 11111010
1110 00000011 11111011
1110 00000011 11111100
1110 00000011 11111101
1110 00000011 11111110
1110 00000011 11111111
1110 00000011 00000000
1110 00000011 00000001
1110 00000011 00000010
1110 00000011 00000011
1110 00000011 00000100
1110 00000011 00000101
1110 00000011 00000110
1110 00000011 00000111
1110 00000100 11111000
1110 00000100 11111001
1110 00000100 11111010
1110 00000100 11111011
1110 00000100 11111100
1110 00000100 11111101
1110 00000100 11111110
1110 00000100 11111111
1110 00000100 00000000
1110 00000100 00000001
1110 00000100 00000010
1110 00000100 00000011
1110 00000100 00000100
1110 00000100 00000101
1110 00000100 00000110
1110 00000100 00000111
1110 00000101 11111000
1110 00000101 11111001
1110 00000101 11111010
1110 00000101 11111011
1110 00000101 11111100
1110 00000101 11111101
1110 00000101 11111110
1110 00000101 11111111
1110 00000101 00000000
1110 00000101 00000001
1110 00000101 00000010
1110 00000101 00000011
1110 00000101 00000100
1110 00000101 00000101
1110 00000101 00000110
1110 00000101 00000111
1110 00000110 11111000
1110 00000110 11111001
1110 00000110 11111010
1110 00000110 11111011
1110 00000110 11111100
1110 00000110 11111101
1110 00000110 11111110
1110 00000110 11111111
1110 00000110 00000000
1110 00000110 00000001
1110 00000110 00000010
1110 00000110 00000011
1110 00000110 00000100
1110 00000110 00000101
1110 00000110 00000110
1110 00000110 00000111
1110 00000111 11111000
1110 00000111 11111001
1110 00000111 11111010
1110 00000111 11111011
1110 00000111 11111100
1110 00000111 11111101
1110 00000111 11111110
1110 00000111 11111111
1110 00000111 00000000
1110 00000111 00000001
1110 00000111 00000010
1110 00000111 00000011
1110 00000111 00000100
1110 00000111 00000101
1110 00000111 00000110
1110 00000111 00000111
1111 11111000 11111000
1111 11111000 11111001
1111 11111000 11111010
1111 11111000 11111011
1111 11111000 11111100
1111 11111000 11111101
1111 11111000 11111110
1111 11111000 11111111
1111 11111000 00000000
1111 11111000 00000001
1111 11111000 00000010
1111 11111000 00000011
1111 11111000 00000100
1111 11111000 00000101
1111 11111000 00000110
1111 11111000 00000111
1111 11111001 11111000
1111 11111001 11111001
1111 11111001 11111010
1111 11111001 11111011
1111 11111001 11111100
1111 11111001 11111101
1111 11111001 11111110
1111 11111001 11111111
1111 11111001 00000000
1111 11111001 00000001
1111 11111001 00000010
1111 11111001 00000011
1111 11111001 00000100
1111 11111001 00000101
1111 11111001 00000110
1111 11111001 00000111
1111 11111010 11111000
1111 11111010 11111001
1111 11111010 11111010
1111 11111010 11111011
1111 11111010 11111100
1111 11111010 11111101
1111 11111010 11111110
1111 11111010 11111111
1111 11111010 00000000
1111 11111010 00000001
1111 11111010 00000010
1111 11111010 00000011
1111 11111010 00000100
1111 11111010 00000101
1111 11111010 00000110
1111 11111010 00000111
1111 11111011 11111000
1111 11111011 11111001
1111 11111011 11111010
1111 11111011 11111011
1111 11111011 11111100
1111 11111011 11111101
1111 11111011 11111110
1111 11111011 11111111
1111 11111011 00000000
1111 11111011 00000001
1111 11111011 00000010
1111 11111011 00000011
1111 11111011 00000100
1111 11111011 00000101
1111 11111011 00000110
1111 11111011 00000111
1111 11111100 11111000
1111 11111100 11111001
1111 11111100 11111010
1111 11111100 11111011
1111 11111100 11111100
1111 11111100 11111101
1111 11111100 11111110
1111 11111100 11111111
1111 11111100 00000000
1111 11111100 00000001
1111 11111100 00000010
1111 11111100 00000011
1111 11111100 00000100
1111 11111100 00000101
1111 11111100 00000110
1111 11111100 00000111
1111 11111101 11111000
1111 11111101 11111001
1111 11111101 11111010
1111 11111101 11111011
1111 11111101 11111100
1111 11111101 11111101
1111 11111101 11111110
1111 11111101 11111111
1111 11111101 00000000
1111 11111101 00000001
1111 11111101 00000010
1111 11111101 00000011
1111 11111101 00000100
1111 11111101 00000101
1111 11111101 00000110
1111 11111101 00000111
1111 11111110 11111000
1111 11111110 11111001
1111 11111110 11111010
1111 11111110 11111011
1111 11111110 11111100
1111 11111110 11111101
1111 11111110 11111110
1111 11111110 11111111
1111 11111110 00000000
1111 11111110 00000001
1111 11111110 00000010
1111 11111110 00000011
1111 11111110 00000100
1111 11111110 00000101
1111 11111110 00000110
1111 11111110 00000111
1111 11111111 11111000
1111 11111111 11111001
1111 11111111 11111010
1111 11111111 11111011
1111 11111111 11111100
1111 11111111 11111101
1111 11111111 11111110
1111 11111111 11111111
1111 11111111 00000000
1111 11111111 00000001
1111 11111111 00000010
1111 11111111 00000011
1111 11111111 00000100
1111 11111111 00000101
1111 11111111 00000110
1111 11111111 00000111
1111 00000000 11111000
1111 00000000 11111001
1111 00000000 11111010
1111 00000000 11111011
1111 00000000 11111100
1111 00000000 11111101
1111 00000000 11111110
1111 00000000 11111111
1111 00000000 00000000
1111 00000000 00000001
1111 00000000 00000010
1111 00000000 00000011
1111 00000000 00000100
1111 00000000 00000101
1111 00000000 00000110
1111 00000000 00000111
1111 00000001 11111000
1111 00000001 11111001
1111 00000001 11111010
1111 00000001 11111011
1111 00000001 11111100
1111 00000001 11111101
1111 00000001 11111110
1111 00000001 11111111
1111 00000001 00000000
1111 00000001 00000001
1111 00000001 00000010
1111 00000001 00000011
1111 00000001 00000100
1111 00000001 00000101
1111 00000001 00000110
1111 00000001 00000111
1111 00000010 11111000
1111 00000010 11111001
1111 00000010 11111010
1111 00000010 11111011
1111 00000010 11111100
1111 00000010 11111101
1111 00000010 11111110
1111 00000010 11111111
1111 00000010 00000000
1111 00000010 00000001
1111 00000010 00000010
1111 00000010 00000011
1111 00000010 00000100
1111 00000010 00000101
1111 00000010 00000110
1111 00000010 00000111
1111 00000011 11111000
1111 00000011 11111001
1111 00000011 11111010
1111 00000011 11111011
1111 00000011 11111100
1111 00000011 11111101
1111 00000011 11111110
1111 00000011 11111111
1111 00000011 00000000
1111 00000011 00000001
1111 00000011 00000010
1111 00000011 00000011
1111 00000011 00000100
1111 00000011 00000101
1111 00000011 00000110
1111 00000011 00000111
1111 00000100 11111000
1111 00000100 11111001
1111 00000100 11111010
1111 00000100 11111011
1111 00000100 11111100
1111 00000100 11111101
1111 00000100 11111110
1111 00000100 11111111
1111 00000100 00000000
1111 00000100 00000001
1111 00000100 00000010
1111 00000100 00000011
1111 00000100 00000100
1111 00000100 00000101
1111 00000100 00000110
1111 00000100 00000111
1111 00000101 11111000
1111 00000101 11111001
1111 00000101 11111010
1111 00000101 11111011
1111 00000101 11111100
1111 00000101 11111101
1111 00000101 11111110
1111 00000101 11111111
1111 00000101 00000000
1111 00000101 00000001
1111 00000101 00000010
1111 00000101 00000011
1111 00000101 00000100
1111 00000101 00000101
1111 00000101 00000110
1111 00000101 00000111
1111 00000110 11111000
1111 00000110 11111001
1111 00000110 11111010
1111 00000110 11111011
1111 00000110 11111100
1111 00000110 11111101
1111 00000110 11111110
1111 00000110 11111111
1111 00000110 00000000
1111 00000110 00000001
1111 00000110 00000010
1111 00000110 00000011
1111 00000110 00000100
1111 00000110 00000101
1111 00000110 00000110
1111 00000110 00000111
1111 00000111 11111000
1111 00000111 11111001
1111 00000111 11111010
1111 00000111 11111011
1111 00000111 11111100
1111 00000111 11111101
1111 00000111 11111110
1111 00000111 11111111
1111 00000111 00000000
1111 00000111 00000001
1111 00000111 00000010
1111 00000111 00000011
1111 00000111 00000100
1111 00000111 00000101
1111 00000111 00000110
1111 00000111 00000111
0000 11111000 11111000
0000 11111000 11111001
0000 11111000 11111010
0000 11111000 11111011
0000 11111000 11111100
0000 11111000 11111101
0000 11111000 11111110
0000 11111000 11111111
0000 11111000 00000000
0000 11111000 00000001
0000 11111000 00000010
0000 11111000 00000011
0000 11111000 00000100
0000 11111000 00000101
0000 11111000 00000110
0000 11111000 00000111
0000 11111001 11111000
0000 11111001 11111001
0000 11111001 11111010
0000 11111001 11111011
0000 11111001 11111100
0000 11111001 11111101
0000 11111001 11111110
0000 11111001 11111111
0000 11111001 00000000
0000 11111001 00000001
0000 11111001 00000010
0000 11111001 00000011
0000 11111001 00000100
0000 11111001 00000101
0000 11111001 00000110
0000 11111001 00000111
0000 11111010 11111000
0000 11111010 11111001
0000 11111010 11111010
0000 11111010 11111011
0000 11111010 11111100
0000 11111010 11111101
0000 11111010 11111110
0000 11111010 11111111
0000 11111010 00000000
0000 11111010 00000001
0000 11111010 00000010
0000 11111010 00000011
0000 11111010 00000100
0000 11111010 00000101
0000 11111010 00000110
0000 11111010 00000111
0000 11111011 11111000
0000 11111011 11111001
0000 11111011 11111010
0000 11111011 11111011
0000 11111011 11111100
0000 11111011 11111101
0000 11111011 11111110
0000 11111011 11111111
0000 11111011 00000000
0000 11111011 00000001
0000 11111011 00000010
0000 11111011 00000011
0000 11111011 00000100
0000 11111011 00000101
0000 11111011 00000110
0000 11111011 00000111
0000 11111100 11111000
0000 11111100 11111001
0000 11111100 11111010
0000 11111100 11111011
0000 11111100 11111100
0000 11111100 11111101
0000 11111100 11111110
0000 11111100 11111111
0000 11111100 00000000
0000 11111100 00000001
0000 11111100 00000010
0000 11111100 00000011
0000 11111100 00000100
0000 11111100 00000101
0000 11111100 00000110
0000 11111100 00000111
0000 11111101 11111000
0000 11111101 11111001
0000 11111101 11111010
0000 11111101 11111011
0000 11111101 11111100
0000 11111101 11111101
0000 11111101 11111110
0000 11111101 11111111
0000 11111101 00000000
0000 11111101 00000001
0000 11111101 00000010
0000 11111101 00000011
0000 11111101 00000100
0000 11111101 00000101
0000 11111101 00000110
0000 11111101 00000111
0000 11111110 11111000
0000 11111110 11111001
0000 11111110 11111010
0000 11111110 11111011
0000 11111110 11111100
0000 11111110 11111101
0000 11111110 11111110
0000 11111110 11111111
0000 11111110 00000000
0000 11111110 00000001
0000 11111110 00000010
0000 11111110 00000011
0000 11111110 00000100
0000 11111110 00000101
0000 11111110 00000110
0000 11111110 00000111
0000 11111111 11111000
0000 11111111 11111001
0000 11111111 11111010
0000 11111111 11111011
0000 11111111 11111100
0000 11111111 11111101
0000 11111111 11111110
0000 11111111 11111111
0000 11111111 00000000
0000 11111111 00000001
0000 11111111 00000010
0000 11111111 00000011
0000 11111111 00000100
0000 11111111 00000101
0000 11111111 00000110
0000 11111111 00000111
0000 00000000 11111000
0000 00000000 11111001
0000 00000000 11111010
0000 00000000 11111011
0000 00000000 11111100
0000 00000000 11111101
0000 00000000 11111110
0000 00000000 11111111
0000 00000000 00000000
0000 00000000 00000001
0000 00000000 00000010
0000 00000000 00000011
0000 00000000 00000100
0000 00000000 00000101
0000 00000000 00000110
0000 00000000 00000111
0000 00000001 11111000
0000 00000001 11111001
0000 00000001 11111010
0000 00000001 11111011
0000 00000001 11111100
0000 00000001 11111101
0000 00000001 11111110
0000 00000001 11111111
0000 00000001 00000000
0000 00000001 00000001
0000 00000001 00000010
0000 00000001 00000011
0000 00000001 00000100
0000 00000001 00000101
0000 00000001 00000110
0000 00000001 00000111
0000 00000010 11111000
0000 00000010 11111001
0000 00000010 11111010
0000 00000010 11111011
0000 00000010 11111100
0000 00000010 11111101
0000 00000010 11111110
0000 00000010 11111111
0000 00000010 00000000
0000 00000010 00000001
0000 00000010 00000010
0000 00000010 00000011
0000 00000010 00000100
0000 00000010 00000101
0000 00000010 00000110
0000 00000010 00000111
0000 00000011 11111000
0000 00000011 11111001
0000 00000011 11111010
0000 00000011 11111011
0000 00000011 11111100
0000 00000011 11111101
0000 00000011 11111110
0000 00000011 11111111
0000 00000011 00000000
0000 00000011 00000001
0000 00000011 00000010
0000 00000011 00000011
0000 00000011 00000100
0000 00000011 00000101
0000 00000011 00000110
0000 00000011 00000111
0000 00000100 11111000
0000 00000100 11111001
0000 00000100 11111010
0000 00000100 11111011
0000 00000100 11111100
0000 00000100 11111101
0000 00000100 11111110
0000 00000100 11111111
0000 00000100 00000000
0000 00000100 00000001
0000 00000100 00000010
0000 00000100 00000011
0000 00000100 00000100
0000 00000100 00000101
0000 00000100 00000110
0000 00000100 00000111
0000 00000101 11111000
0000 00000101 11111001
0000 00000101 11111010
0000 00000101 11111011
0000 00000101 11111100
0000 00000101 11111101
0000 00000101 11111110
0000 00000101 11111111
0000 00000101 00000000
0000 00000101 00000001
0000 00000101 00000010
0000 00000101 00000011
0000 00000101 00000100
0000 00000101 00000101
0000 00000101 00000110
0000 00000101 00000111
0000 00000110 11111000
0000 00000110 11111001
0000 00000110 11111010
0000 00000110 11111011
0000 00000110 11111100
0000 00000110 11111101
0000 00000110 11111110
0000 00000110 11111111
0000 00000110 00000000
0000 00000110 00000001
0000 00000110 00000010
0000 00000110 00000011
0000 00000110 00000100
0000 00000110 00000101
0000 00000110 00000110
0000 00000110 00000111
0000 00000111 11111000
0000 00000111 11111001
0000 00000111 11111010
0000 00000111 11111011
0000 00000111 11111100
0000 00000111 11111101
0000 00000111 11111110
0000 00000111 11111111
0000 00000111 00000000
0000 00000111 00000001
0000 00000111 00000010
0000 00000111 00000011
0000 00000111 00000100
0000 00000111 00000101
0000 00000111 00000110
0000 00000111 00000111
0001 11111000 11111000
0001 11111000 11111001
0001 11111000 11111010
0001 11111000 11111011
0001 11111000 11111100
0001 11111000 11111101
0001 11111000 11111110
0001 11111000 11111111
0001 11111000 00000000
0001 11111000 00000001
0001 11111000 00000010
0001 11111000 00000011
0001 11111000 00000100
0001 11111000 00000101
0001 11111000 00000110
0001 11111000 00000111
0001 11111001 11111000
0001 11111001 11111001
0001 11111001 11111010
0001 11111001 11111011
0001 11111001 11111100
0001 11111001 11111101
0001 11111001 11111110
0001 11111001 11111111
0001 11111001 00000000
0001 11111001 00000001
0001 11111001 00000010
0001 11111001 00000011
0001 11111001 00000100
0001 11111001 00000101
0001 11111001 00000110
0001 11111001 00000111
0001 11111010 11111000
0001 11111010 11111001
0001 11111010 11111010
0001 11111010 11111011
0001 11111010 11111100
0001 11111010 11111101
0001 11111010 11111110
0001 11111010 11111111
0001 11111010 00000000
0001 11111010 00000001
0001 11111010 00000010
0001 11111010 00000011
0001 11111010 00000100
0001 11111010 00000101
0001 11111010 00000110
0001 11111010 00000111
0001 11111011 11111000
0001 11111011 11111001
0001 11111011 11111010
0001 11111011 11111011
0001 11111011 11111100
0001 11111011 11111101
0001 11111011 11111110
0001 11111011 11111111
0001 11111011 00000000
0001 11111011 00000001
0001 11111011 00000010
0001 11111011 00000011
0001 11111011 00000100
0001 11111011 00000101
0001 11111011 00000110
0001 11111011 00000111
0001 11111100 11111000
0001 11111100 11111001
0001 11111100 11111010
0001 11111100 11111011
0001 11111100 11111100
0001 11111100 11111101
0001 11111100 11111110
0001 11111100 11111111
0001 11111100 00000000
0001 11111100 00000001
0001 11111100 00000010
0001 11111100 00000011
0001 11111100 00000100
0001 11111100 00000101
0001 11111100 00000110
0001 11111100 00000111
0001 11111101 11111000
0001 11111101 11111001
0001 11111101 11111010
0001 11111101 11111011
0001 11111101 11111100
0001 11111101 11111101
0001 11111101 11111110
0001 11111101 11111111
0001 11111101 00000000
0001 11111101 00000001
0001 11111101 00000010
0001 11111101 00000011
0001 11111101 00000100
0001 11111101 00000101
0001 11111101 00000110
0001 11111101 00000111
0001 11111110 11111000
0001 11111110 11111001
0001 11111110 11111010
0001 11111110 11111011
0001 11111110 11111100
0001 11111110 11111101
0001 11111110 11111110
0001 11111110 11111111
0001 11111110 00000000
0001 11111110 00000001
0001 11111110 00000010
0001 11111110 00000011
0001 11111110 00000100
0001 11111110 00000101
0001 11111110 00000110
0001 11111110 00000111
0001 11111111 11111000
0001 11111111 11111001
0001 11111111 11111010
0001 11111111 11111011
0001 11111111 11111100
0001 11111111 11111101
0001 11111111 11111110
0001 11111111 11111111
0001 11111111 00000000
0001 11111111 00000001
0001 11111111 00000010
0001 11111111 00000011
0001 11111111 00000100
0001 11111111 00000101
0001 11111111 00000110
0001 11111111 00000111
0001 00000000 11111000
0001 00000000 11111001
0001 00000000 11111010
0001 00000000 11111011
0001 00000000 11111100
0001 00000000 11111101
0001 00000000 11111110
0001 00000000 11111111
0001 00000000 00000000
0001 00000000 00000001
0001 00000000 00000010
0001 00000000 00000011
0001 00000000 00000100
0001 00000000 00000101
0001 00000000 00000110
0001 00000000 00000111
0001 00000001 11111000
0001 00000001 11111001
0001 00000001 11111010
0001 00000001 11111011
0001 00000001 11111100
0001 00000001 11111101
0001 00000001 11111110
0001 00000001 11111111
0001 00000001 00000000
0001 00000001 00000001
0001 00000001 00000010
0001 00000001 00000011
0001 00000001 00000100
0001 00000001 00000101
0001 00000001 00000110
0001 00000001 00000111
0001 00000010 11111000
0001 00000010 11111001
0001 00000010 11111010
0001 00000010 11111011
0001 00000010 11111100
0001 00000010 11111101
0001 00000010 11111110
0001 00000010 11111111
0001 00000010 00000000
0001 00000010 00000001
0001 00000010 00000010
0001 00000010 00000011
0001 00000010 00000100
0001 00000010 00000101
0001 00000010 00000110
0001 00000010 00000111
0001 00000011 11111000
0001 00000011 11111001
0001 00000011 11111010
0001 00000011 11111011
0001 00000011 11111100
0001 00000011 11111101
0001 00000011 11111110
0001 00000011 11111111
0001 00000011 00000000
0001 00000011 00000001
0001 00000011 00000010
0001 00000011 00000011
0001 00000011 00000100
0001 00000011 00000101
0001 00000011 00000110
0001 00000011 00000111
0001 00000100 11111000
0001 00000100 11111001
0001 00000100 11111010
0001 00000100 11111011
0001 00000100 11111100
0001 00000100 11111101
0001 00000100 11111110
0001 00000100 11111111
0001 00000100 00000000
0001 00000100 00000001
0001 00000100 00000010
0001 00000100 00000011
0001 00000100 00000100
0001 00000100 00000101
0001 00000100 00000110
0001 00000100 00000111
0001 00000101 11111000
0001 00000101 11111001
0001 00000101 11111010
0001 00000101 11111011
0001 00000101 11111100
0001 00000101 11111101
0001 00000101 11111110
0001 00000101 11111111
0001 00000101 00000000
0001 00000101 00000001
0001 00000101 00000010
0001 00000101 00000011
0001 00000101 00000100
0001 00000101 00000101
0001 00000101 00000110
0001 00000101 00000111
0001 00000110 11111000
0001 00000110 11111001
0001 00000110 11111010
0001 00000110 11111011
0001 00000110 11111100
0001 00000110 11111101
0001 00000110 11111110
0001 00000110 11111111
0001 00000110 00000000
0001 00000110 00000001
0001 00000110 00000010
0001 00000110 00000011
0001 00000110 00000100
0001 00000110 00000101
0001 00000110 00000110
0001 00000110 00000111
0001 00000111 11111000
0001 00000111 11111001
0001 00000111 11111010
0001 00000111 11111011
0001 00000111 11111100
0001 00000111 11111101
0001 00000111 11111110
0001 00000111 11111111
0001 00000111 00000000
0001 00000111 00000001
0001 00000111 00000010
0001 00000111 00000011
0001 00000111 00000100
0001 00000111 00000101
0001 00000111 00000110
0001 00000111 00000111
0010 11111000 11111000
0010 11111000 11111001
0010 11111000 11111010
0010 11111000 11111011
0010 11111000 11111100
0010 11111000 11111101
0010 11111000 11111110
0010 11111000 11111111
0010 11111000 00000000
0010 11111000 00000001
0010 11111000 00000010
0010 11111000 00000011
0010 11111000 00000100
0010 11111000 00000101
0010 11111000 00000110
0010 11111000 00000111
0010 11111001 11111000
0010 11111001 11111001
0010 11111001 11111010
0010 11111001 11111011
0010 11111001 11111100
0010 11111001 11111101
0010 11111001 11111110
0010 11111001 11111111
0010 11111001 00000000
0010 11111001 00000001
0010 11111001 00000010
0010 11111001 00000011
0010 11111001 00000100
0010 11111001 00000101
0010 11111001 00000110
0010 11111001 00000111
0010 11111010 11111000
0010 11111010 11111001
0010 11111010 11111010
0010 11111010 11111011
0010 11111010 11111100
0010 11111010 11111101
0010 11111010 11111110
0010 11111010 11111111
0010 11111010 00000000
0010 11111010 00000001
0010 11111010 00000010
0010 11111010 00000011
0010 11111010 00000100
0010 11111010 00000101
0010 11111010 00000110
0010 11111010 00000111
0010 11111011 11111000
0010 11111011 11111001
0010 11111011 11111010
0010 11111011 11111011
0010 11111011 11111100
0010 11111011 11111101
0010 11111011 11111110
0010 11111011 11111111
0010 11111011 00000000
0010 11111011 00000001
0010 11111011 00000010
0010 11111011 00000011
0010 11111011 00000100
0010 11111011 00000101
0010 11111011 00000110
0010 11111011 00000111
0010 11111100 11111000
0010 11111100 11111001
0010 11111100 11111010
0010 11111100 11111011
0010 11111100 11111100
0010 11111100 11111101
0010 11111100 11111110
0010 11111100 11111111
0010 11111100 00000000
0010 11111100 00000001
0010 11111100 00000010
0010 11111100 00000011
0010 11111100 00000100
0010 11111100 00000101
0010 11111100 00000110
0010 11111100 00000111
0010 11111101 11111000
0010 11111101 11111001
0010 11111101 11111010
0010 11111101 11111011
0010 11111101 11111100
0010 11111101 11111101
0010 11111101 11111110
0010 11111101 11111111
0010 11111101 00000000
0010 11111101 00000001
0010 11111101 00000010
0010 11111101 00000011
0010 11111101 00000100
0010 11111101 00000101
0010 11111101 00000110
0010 11111101 00000111
0010 11111110 11111000
0010 11111110 11111001
0010 11111110 11111010
0010 11111110 11111011
0010 11111110 11111100
0010 11111110 11111101
0010 11111110 11111110
0010 11111110 11111111
0010 11111110 00000000
0010 11111110 00000001
0010 11111110 00000010
0010 11111110 00000011
0010 11111110 00000100
0010 11111110 00000101
0010 11111110 00000110
0010 11111110 00000111
0010 11111111 11111000
0010 11111111 11111001
0010 11111111 11111010
0010 11111111 11111011
0010 11111111 11111100
0010 11111111 11111101
0010 11111111 11111110
0010 11111111 11111111
0010 11111111 00000000
0010 11111111 00000001
0010 11111111 00000010
0010 11111111 00000011
0010 11111111 00000100
0010 11111111 00000101
0010 11111111 00000110
0010 11111111 00000111
0010 00000000 11111000
0010 00000000 11111001
0010 00000000 11111010
0010 00000000 11111011
0010 00000000 11111100
0010 00000000 11111101
0010 00000000 11111110
0010 00000000 11111111
0010 00000000 00000000
0010 00000000 00000001
0010 00000000 00000010
0010 00000000 00000011
0010 00000000 00000100
0010 00000000 00000101
0010 00000000 00000110
0010 00000000 00000111
0010 00000001 11111000
0010 00000001 11111001
0010 00000001 11111010
0010 00000001 11111011
0010 00000001 11111100
0010 00000001 11111101
0010 00000001 11111110
0010 00000001 11111111
0010 00000001 00000000
0010 00000001 00000001
0010 00000001 00000010
0010 00000001 00000011
0010 00000001 00000100
0010 00000001 00000101
0010 00000001 00000110
0010 00000001 00000111
0010 00000010 11111000
0010 00000010 11111001
0010 00000010 11111010
0010 00000010 11111011
0010 00000010 11111100
0010 00000010 11111101
0010 00000010 11111110
0010 00000010 11111111
0010 00000010 00000000
0010 00000010 00000001
0010 00000010 00000010
0010 00000010 00000011
0010 00000010 00000100
0010 00000010 00000101
0010 00000010 00000110
0010 00000010 00000111
0010 00000011 11111000
0010 00000011 11111001
0010 00000011 11111010
0010 00000011 11111011
0010 00000011 11111100
0010 00000011 11111101
0010 00000011 11111110
0010 00000011 11111111
0010 00000011 00000000
0010 00000011 00000001
0010 00000011 00000010
0010 00000011 00000011
0010 00000011 00000100
0010 00000011 00000101
0010 00000011 00000110
0010 00000011 00000111
0010 00000100 11111000
0010 00000100 11111001
0010 00000100 11111010
0010 00000100 11111011
0010 00000100 11111100
0010 00000100 11111101
0010 00000100 11111110
0010 00000100 11111111
0010 00000100 00000000
0010 00000100 00000001
0010 00000100 00000010
0010 00000100 00000011
0010 00000100 00000100
0010 00000100 00000101
0010 00000100 00000110
0010 00000100 00000111
0010 00000101 11111000
0010 00000101 11111001
0010 00000101 11111010
0010 00000101 11111011
0010 00000101 11111100
0010 00000101 11111101
0010 00000101 11111110
0010 00000101 11111111
0010 00000101 00000000
0010 00000101 00000001
0010 00000101 00000010
0010 00000101 00000011
0010 00000101 00000100
0010 00000101 00000101
0010 00000101 00000110
0010 00000101 00000111
0010 00000110 11111000
0010 00000110 11111001
0010 00000110 11111010
0010 00000110 11111011
0010 00000110 11111100
0010 00000110 11111101
0010 00000110 11111110
0010 00000110 11111111
0010 00000110 00000000
0010 00000110 00000001
0010 00000110 00000010
0010 00000110 00000011
0010 00000110 00000100
0010 00000110 00000101
0010 00000110 00000110
0010 00000110 00000111
0010 00000111 11111000
0010 00000111 11111001
0010 00000111 11111010
0010 00000111 11111011
0010 00000111 11111100
0010 00000111 11111101
0010 00000111 11111110
0010 00000111 11111111
0010 00000111 00000000
0010 00000111 00000001
0010 00000111 00000010
0010 00000111 00000011
0010 00000111 00000100
0010 00000111 00000101
0010 00000111 00000110
0010 00000111 00000111
0011 11111000 11111000
0011 11111000 11111001
0011 11111000 11111010
0011 11111000 11111011
0011 11111000 11111100
0011 11111000 11111101
0011 11111000 11111110
0011 11111000 11111111
0011 11111000 00000000
0011 11111000 00000001
0011 11111000 00000010
0011 11111000 00000011
0011 11111000 00000100
0011 11111000 00000101
0011 11111000 00000110
0011 11111000 00000111
0011 11111001 11111000
0011 11111001 11111001
0011 11111001 11111010
0011 11111001 11111011
0011 11111001 11111100
0011 11111001 11111101
0011 11111001 11111110
0011 11111001 11111111
0011 11111001 00000000
0011 11111001 00000001
0011 11111001 00000010
0011 11111001 00000011
0011 11111001 00000100
0011 11111001 00000101
0011 11111001 00000110
0011 11111001 00000111
0011 11111010 11111000
0011 11111010 11111001
0011 11111010 11111010
0011 11111010 11111011
0011 11111010 11111100
0011 11111010 11111101
0011 11111010 11111110
0011 11111010 11111111
0011 11111010 00000000
0011 11111010 00000001
0011 11111010 00000010
0011 11111010 00000011
0011 11111010 00000100
0011 11111010 00000101
0011 11111010 00000110
0011 11111010 00000111
0011 11111011 11111000
0011 11111011 11111001
0011 11111011 11111010
0011 11111011 11111011
0011 11111011 11111100
0011 11111011 11111101
0011 11111011 11111110
0011 11111011 11111111
0011 11111011 00000000
0011 11111011 00000001
0011 11111011 00000010
0011 11111011 00000011
0011 11111011 00000100
0011 11111011 00000101
0011 11111011 00000110
0011 11111011 00000111
0011 11111100 11111000
0011 11111100 11111001
0011 11111100 11111010
0011 11111100 11111011
0011 11111100 11111100
0011 11111100 11111101
0011 11111100 11111110
0011 11111100 11111111
0011 11111100 00000000
0011 11111100 00000001
0011 11111100 00000010
0011 11111100 00000011
0011 11111100 00000100
0011 11111100 00000101
0011 11111100 00000110
0011 11111100 00000111
0011 11111101 11111000
0011 11111101 11111001
0011 11111101 11111010
0011 11111101 11111011
0011 11111101 11111100
0011 11111101 11111101
0011 11111101 11111110
0011 11111101 11111111
0011 11111101 00000000
0011 11111101 00000001
0011 11111101 00000010
0011 11111101 00000011
0011 11111101 00000100
0011 11111101 00000101
0011 11111101 00000110
0011 11111101 00000111
0011 11111110 11111000
0011 11111110 11111001
0011 11111110 11111010
0011 11111110 11111011
0011 11111110 11111100
0011 11111110 11111101
0011 11111110 11111110
0011 11111110 11111111
0011 11111110 00000000
0011 11111110 00000001
0011 11111110 00000010
0011 11111110 00000011
0011 11111110 00000100
0011 11111110 00000101
0011 11111110 00000110
0011 11111110 00000111
0011 11111111 11111000
0011 11111111 11111001
0011 11111111 11111010
0011 11111111 11111011
0011 11111111 11111100
0011 11111111 11111101
0011 11111111 11111110
0011 11111111 11111111
0011 11111111 00000000
0011 11111111 00000001
0011 11111111 00000010
0011 11111111 00000011
0011 11111111 00000100
0011 11111111 00000101
0011 11111111 00000110
0011 11111111 00000111
0011 00000000 11111000
0011 00000000 11111001
0011 00000000 11111010
0011 00000000 11111011
0011 00000000 11111100
0011 00000000 11111101
0011 00000000 11111110
0011 00000000 11111111
0011 00000000 00000000
0011 00000000 00000001
0011 00000000 00000010
0011 00000000 00000011
0011 00000000 00000100
0011 00000000 00000101
0011 00000000 00000110
0011 00000000 00000111
0011 00000001 11111000
0011 00000001 11111001
0011 00000001 11111010
0011 00000001 11111011
0011 00000001 11111100
0011 00000001 11111101
0011 00000001 11111110
0011 00000001 11111111
0011 00000001 00000000
0011 00000001 00000001
0011 00000001 00000010
0011 00000001 00000011
0011 00000001 00000100
0011 00000001 00000101
0011 00000001 00000110
0011 00000001 00000111
0011 00000010 11111000
0011 00000010 11111001
0011 00000010 11111010
0011 00000010 11111011
0011 00000010 11111100
0011 00000010 11111101
0011 00000010 11111110
0011 00000010 11111111
0011 00000010 00000000
0011 00000010 00000001
0011 00000010 00000010
0011 00000010 00000011
0011 00000010 00000100
0011 00000010 00000101
0011 00000010 00000110
0011 00000010 00000111
0011 00000011 11111000
0011 00000011 11111001
0011 00000011 11111010
0011 00000011 11111011
0011 00000011 11111100
0011 00000011 11111101
0011 00000011 11111110
0011 00000011 11111111
0011 00000011 00000000
0011 00000011 00000001
0011 00000011 00000010
0011 00000011 00000011
0011 00000011 00000100
0011 00000011 00000101
0011 00000011 00000110
0011 00000011 00000111
0011 00000100 11111000
0011 00000100 11111001
0011 00000100 11111010
0011 00000100 11111011
0011 00000100 11111100
0011 00000100 11111101
0011 00000100 11111110
0011 00000100 11111111
0011 00000100 00000000
0011 00000100 00000001
0011 00000100 00000010
0011 00000100 00000011
0011 00000100 00000100
0011 00000100 00000101
0011 00000100 00000110
0011 00000100 00000111
0011 00000101 11111000
0011 00000101 11111001
0011 00000101 11111010
0011 00000101 11111011
0011 00000101 11111100
0011 00000101 11111101
0011 00000101 11111110
0011 00000101 11111111
0011 00000101 00000000
0011 00000101 00000001
0011 00000101 00000010
0011 00000101 00000011
0011 00000101 00000100
0011 00000101 00000101
0011 00000101 00000110
0011 00000101 00000111
0011 00000110 11111000
0011 00000110 11111001
0011 00000110 11111010
0011 00000110 11111011
0011 00000110 11111100
0011 00000110 11111101
0011 00000110 11111110
0011 00000110 11111111
0011 00000110 00000000
0011 00000110 00000001
0011 00000110 00000010
0011 00000110 00000011
0011 00000110 00000100
0011 00000110 00000101
0011 00000110 00000110
0011 00000110 00000111
0011 00000111 11111000
0011 00000111 11111001
0011 00000111 11111010
0011 00000111 11111011
0011 00000111 11111100
0011 00000111 11111101
0011 00000111 11111110
0011 00000111 11111111
0011 00000111 00000000
0011 00000111 00000001
0011 00000111 00000010
0011 00000111 00000011
0011 00000111 00000100
0011 00000111 00000101
0011 00000111 00000110
0011 00000111 00000111
0100 11111000 11111000
0100 11111000 11111001
0100 11111000 11111010
0100 11111000 11111011
0100 11111000 11111100
0100 11111000 11111101
0100 11111000 11111110
0100 11111000 11111111
0100 11111000 00000000
0100 11111000 00000001
0100 11111000 00000010
0100 11111000 00000011
0100 11111000 00000100
0100 11111000 00000101
0100 11111000 00000110
0100 11111000 00000111
0100 11111001 11111000
0100 11111001 11111001
0100 11111001 11111010
0100 11111001 11111011
0100 11111001 11111100
0100 11111001 11111101
0100 11111001 11111110
0100 11111001 11111111
0100 11111001 00000000
0100 11111001 00000001
0100 11111001 00000010
0100 11111001 00000011
0100 11111001 00000100
0100 11111001 00000101
0100 11111001 00000110
0100 11111001 00000111
0100 11111010 11111000
0100 11111010 11111001
0100 11111010 11111010
0100 11111010 11111011
0100 11111010 11111100
0100 11111010 11111101
0100 11111010 11111110
0100 11111010 11111111
0100 11111010 00000000
0100 11111010 00000001
0100 11111010 00000010
0100 11111010 00000011
0100 11111010 00000100
0100 11111010 00000101
0100 11111010 00000110
0100 11111010 00000111
0100 11111011 11111000
0100 11111011 11111001
0100 11111011 11111010
0100 11111011 11111011
0100 11111011 11111100
0100 11111011 11111101
0100 11111011 11111110
0100 11111011 11111111
0100 11111011 00000000
0100 11111011 00000001
0100 11111011 00000010
0100 11111011 00000011
0100 11111011 00000100
0100 11111011 00000101
0100 11111011 00000110
0100 11111011 00000111
0100 11111100 11111000
0100 11111100 11111001
0100 11111100 11111010
0100 11111100 11111011
0100 11111100 11111100
0100 11111100 11111101
0100 11111100 11111110
0100 11111100 11111111
0100 11111100 00000000
0100 11111100 00000001
0100 11111100 00000010
0100 11111100 00000011
0100 11111100 00000100
0100 11111100 00000101
0100 11111100 00000110
0100 11111100 00000111
0100 11111101 11111000
0100 11111101 11111001
0100 11111101 11111010
0100 11111101 11111011
0100 11111101 11111100
0100 11111101 11111101
0100 11111101 11111110
0100 11111101 11111111
0100 11111101 00000000
0100 11111101 00000001
0100 11111101 00000010
0100 11111101 00000011
0100 11111101 00000100
0100 11111101 00000101
0100 11111101 00000110
0100 11111101 00000111
0100 11111110 11111000
0100 11111110 11111001
0100 11111110 11111010
0100 11111110 11111011
0100 11111110 11111100
0100 11111110 11111101
0100 11111110 11111110
0100 11111110 11111111
0100 11111110 00000000
0100 11111110 00000001
0100 11111110 00000010
0100 11111110 00000011
0100 11111110 00000100
0100 11111110 00000101
0100 11111110 00000110
0100 11111110 00000111
0100 11111111 11111000
0100 11111111 11111001
0100 11111111 11111010
0100 11111111 11111011
0100 11111111 11111100
0100 11111111 11111101
0100 11111111 11111110
0100 11111111 11111111
0100 11111111 00000000
0100 11111111 00000001
0100 11111111 00000010
0100 11111111 00000011
0100 11111111 00000100
0100 11111111 00000101
0100 11111111 00000110
0100 11111111 00000111
0100 00000000 11111000
0100 00000000 11111001
0100 00000000 11111010
0100 00000000 11111011
0100 00000000 11111100
0100 00000000 11111101
0100 00000000 11111110
0100 00000000 11111111
0100 00000000 00000000
0100 00000000 00000001
0100 00000000 00000010
0100 00000000 00000011
0100 00000000 00000100
0100 00000000 00000101
0100 00000000 00000110
0100 00000000 00000111
0100 00000001 11111000
0100 00000001 11111001
0100 00000001 11111010
0100 00000001 11111011
0100 00000001 11111100
0100 00000001 11111101
0100 00000001 11111110
0100 00000001 11111111
0100 00000001 00000000
0100 00000001 00000001
0100 00000001 00000010
0100 00000001 00000011
0100 00000001 00000100
0100 00000001 00000101
0100 00000001 00000110
0100 00000001 00000111
0100 00000010 11111000
0100 00000010 11111001
0100 00000010 11111010
0100 00000010 11111011
0100 00000010 11111100
0100 00000010 11111101
0100 00000010 11111110
0100 00000010 11111111
0100 00000010 00000000
0100 00000010 00000001
0100 00000010 00000010
0100 00000010 00000011
0100 00000010 00000100
0100 00000010 00000101
0100 00000010 00000110
0100 00000010 00000111
0100 00000011 11111000
0100 00000011 11111001
0100 00000011 11111010
0100 00000011 11111011
0100 00000011 11111100
0100 00000011 11111101
0100 00000011 11111110
0100 00000011 11111111
0100 00000011 00000000
0100 00000011 00000001
0100 00000011 00000010
0100 00000011 00000011
0100 00000011 00000100
0100 00000011 00000101
0100 00000011 00000110
0100 00000011 00000111
0100 00000100 11111000
0100 00000100 11111001
0100 00000100 11111010
0100 00000100 11111011
0100 00000100 11111100
0100 00000100 11111101
0100 00000100 11111110
0100 00000100 11111111
0100 00000100 00000000
0100 00000100 00000001
0100 00000100 00000010
0100 00000100 00000011
0100 00000100 00000100
0100 00000100 00000101
0100 00000100 00000110
0100 00000100 00000111
0100 00000101 11111000
0100 00000101 11111001
0100 00000101 11111010
0100 00000101 11111011
0100 00000101 11111100
0100 00000101 11111101
0100 00000101 11111110
0100 00000101 11111111
0100 00000101 00000000
0100 00000101 00000001
0100 00000101 00000010
0100 00000101 00000011
0100 00000101 00000100
0100 00000101 00000101
0100 00000101 00000110
0100 00000101 00000111
0100 00000110 11111000
0100 00000110 11111001
0100 00000110 11111010
0100 00000110 11111011
0100 00000110 11111100
0100 00000110 11111101
0100 00000110 11111110
0100 00000110 11111111
0100 00000110 00000000
0100 00000110 00000001
0100 00000110 00000010
0100 00000110 00000011
0100 00000110 00000100
0100 00000110 00000101
0100 00000110 00000110
0100 00000110 00000111
0100 00000111 11111000
0100 00000111 11111001
0100 00000111 11111010
0100 00000111 11111011
0100 00000111 11111100
0100 00000111 11111101
0100 00000111 11111110
0100 00000111 11111111
0100 00000111 00000000
0100 00000111 00000001
0100 00000111 00000010
0100 00000111 00000011
0100 00000111 00000100
0100 00000111 00000101
0100 00000111 00000110
0100 00000111 00000111
0101 11111000 11111000
0101 11111000 11111001
0101 11111000 11111010
0101 11111000 11111011
0101 11111000 11111100
0101 11111000 11111101
0101 11111000 11111110
0101 11111000 11111111
0101 11111000 00000000
0101 11111000 00000001
0101 11111000 00000010
0101 11111000 00000011
0101 11111000 00000100
0101 11111000 00000101
0101 11111000 00000110
0101 11111000 00000111
0101 11111001 11111000
0101 11111001 11111001
0101 11111001 11111010
0101 11111001 11111011
0101 11111001 11111100
0101 11111001 11111101
0101 11111001 11111110
0101 11111001 11111111
0101 11111001 00000000
0101 11111001 00000001
0101 11111001 00000010
0101 11111001 00000011
0101 11111001 00000100
0101 11111001 00000101
0101 11111001 00000110
0101 11111001 00000111
0101 11111010 11111000
0101 11111010 11111001
0101 11111010 11111010
0101 11111010 11111011
0101 11111010 11111100
0101 11111010 11111101
0101 11111010 11111110
0101 11111010 11111111
0101 11111010 00000000
0101 11111010 00000001
0101 11111010 00000010
0101 11111010 00000011
0101 11111010 00000100
0101 11111010 00000101
0101 11111010 00000110
0101 11111010 00000111
0101 11111011 11111000
0101 11111011 11111001
0101 11111011 11111010
0101 11111011 11111011
0101 11111011 11111100
0101 11111011 11111101
0101 11111011 11111110
0101 11111011 11111111
0101 11111011 00000000
0101 11111011 00000001
0101 11111011 00000010
0101 11111011 00000011
0101 11111011 00000100
0101 11111011 00000101
0101 11111011 00000110
0101 11111011 00000111
0101 11111100 11111000
0101 11111100 11111001
0101 11111100 11111010
0101 11111100 11111011
0101 11111100 11111100
0101 11111100 11111101
0101 11111100 11111110
0101 11111100 11111111
0101 11111100 00000000
0101 11111100 00000001
0101 11111100 00000010
0101 11111100 00000011
0101 11111100 00000100
0101 11111100 00000101
0101 11111100 00000110
0101 11111100 00000111
0101 11111101 11111000
0101 11111101 11111001
0101 11111101 11111010
0101 11111101 11111011
0101 11111101 11111100
0101 11111101 11111101
0101 11111101 11111110
0101 11111101 11111111
0101 11111101 00000000
0101 11111101 00000001
0101 11111101 00000010
0101 11111101 00000011
0101 11111101 00000100
0101 11111101 00000101
0101 11111101 00000110
0101 11111101 00000111
0101 11111110 11111000
0101 11111110 11111001
0101 11111110 11111010
0101 11111110 11111011
0101 11111110 11111100
0101 11111110 11111101
0101 11111110 11111110
0101 11111110 11111111
0101 11111110 00000000
0101 11111110 00000001
0101 11111110 00000010
0101 11111110 00000011
0101 11111110 00000100
0101 11111110 00000101
0101 11111110 00000110
0101 11111110 00000111
0101 11111111 11111000
0101 11111111 11111001
0101 11111111 11111010
0101 11111111 11111011
0101 11111111 11111100
0101 11111111 11111101
0101 11111111 11111110
0101 11111111 11111111
0101 11111111 00000000
0101 11111111 00000001
0101 11111111 00000010
0101 11111111 00000011
0101 11111111 00000100
0101 11111111 00000101
0101 11111111 00000110
0101 11111111 00000111
0101 00000000 11111000
0101 00000000 11111001
0101 00000000 11111010
0101 00000000 11111011
0101 00000000 11111100
0101 00000000 11111101
0101 00000000 11111110
0101 00000000 11111111
0101 00000000 00000000
0101 00000000 00000001
0101 00000000 00000010
0101 00000000 00000011
0101 00000000 00000100
0101 00000000 00000101
0101 00000000 00000110
0101 00000000 00000111
0101 00000001 11111000
0101 00000001 11111001
0101 00000001 11111010
0101 00000001 11111011
0101 00000001 11111100
0101 00000001 11111101
0101 00000001 11111110
0101 00000001 11111111
0101 00000001 00000000
0101 00000001 00000001
0101 00000001 00000010
0101 00000001 00000011
0101 00000001 00000100
0101 00000001 00000101
0101 00000001 00000110
0101 00000001 00000111
0101 00000010 11111000
0101 00000010 11111001
0101 00000010 11111010
0101 00000010 11111011
0101 00000010 11111100
0101 00000010 11111101
0101 00000010 11111110
0101 00000010 11111111
0101 00000010 00000000
0101 00000010 00000001
0101 00000010 00000010
0101 00000010 00000011
0101 00000010 00000100
0101 00000010 00000101
0101 00000010 00000110
0101 00000010 00000111
0101 00000011 11111000
0101 00000011 11111001
0101 00000011 11111010
0101 00000011 11111011
0101 00000011 11111100
0101 00000011 11111101
0101 00000011 11111110
0101 00000011 11111111
0101 00000011 00000000
0101 00000011 00000001
0101 00000011 00000010
0101 00000011 00000011
0101 00000011 00000100
0101 00000011 00000101
0101 00000011 00000110
0101 00000011 00000111
0101 00000100 11111000
0101 00000100 11111001
0101 00000100 11111010
0101 00000100 11111011
0101 00000100 11111100
0101 00000100 11111101
0101 00000100 11111110
0101 00000100 11111111
0101 00000100 00000000
0101 00000100 00000001
0101 00000100 00000010
0101 00000100 00000011
0101 00000100 00000100
0101 00000100 00000101
0101 00000100 00000110
0101 00000100 00000111
0101 00000101 11111000
0101 00000101 11111001
0101 00000101 11111010
0101 00000101 11111011
0101 00000101 11111100
0101 00000101 11111101
0101 00000101 11111110
0101 00000101 11111111
0101 00000101 00000000
0101 00000101 00000001
0101 00000101 00000010
0101 00000101 00000011
0101 00000101 00000100
0101 00000101 00000101
0101 00000101 00000110
0101 00000101 00000111
0101 00000110 11111000
0101 00000110 11111001
0101 00000110 11111010
0101 00000110 11111011
0101 00000110 11111100
0101 00000110 11111101
0101 00000110 11111110
0101 00000110 11111111
0101 00000110 00000000
0101 00000110 00000001
0101 00000110 00000010
0101 00000110 00000011
0101 00000110 00000100
0101 00000110 00000101
0101 00000110 00000110
0101 00000110 00000111
0101 00000111 11111000
0101 00000111 11111001
0101 00000111 11111010
0101 00000111 11111011
0101 00000111 11111100
0101 00000111 11111101
0101 00000111 11111110
0101 00000111 11111111
0101 00000111 00000000
0101 00000111 00000001
0101 00000111 00000010
0101 00000111 00000011
0101 00000111 00000100
0101 00000111 00000101
0101 00000111 00000110
0101 00000111 00000111
0110 11111000 11111000
0110 11111000 11111001
0110 11111000 11111010
0110 11111000 11111011
0110 11111000 11111100
0110 11111000 11111101
0110 11111000 11111110
0110 11111000 11111111
0110 11111000 00000000
0110 11111000 00000001
0110 11111000 00000010
0110 11111000 00000011
0110 11111000 00000100
0110 11111000 00000101
0110 11111000 00000110
0110 11111000 00000111
0110 11111001 11111000
0110 11111001 11111001
0110 11111001 11111010
0110 11111001 11111011
0110 11111001 11111100
0110 11111001 11111101
0110 11111001 11111110
0110 11111001 11111111
0110 11111001 00000000
0110 11111001 00000001
0110 11111001 00000010
0110 11111001 00000011
0110 11111001 00000100
0110 11111001 00000101
0110 11111001 00000110
0110 11111001 00000111
0110 11111010 11111000
0110 11111010 11111001
0110 11111010 11111010
0110 11111010 11111011
0110 11111010 11111100
0110 11111010 11111101
0110 11111010 11111110
0110 11111010 11111111
0110 11111010 00000000
0110 11111010 00000001
0110 11111010 00000010
0110 11111010 00000011
0110 11111010 00000100
0110 11111010 00000101
0110 11111010 00000110
0110 11111010 00000111
0110 11111011 11111000
0110 11111011 11111001
0110 11111011 11111010
0110 11111011 11111011
0110 11111011 11111100
0110 11111011 11111101
0110 11111011 11111110
0110 11111011 11111111
0110 11111011 00000000
0110 11111011 00000001
0110 11111011 00000010
0110 11111011 00000011
0110 11111011 00000100
0110 11111011 00000101
0110 11111011 00000110
0110 11111011 00000111
0110 11111100 11111000
0110 11111100 11111001
0110 11111100 11111010
0110 11111100 11111011
0110 11111100 11111100
0110 11111100 11111101
0110 11111100 11111110
0110 11111100 11111111
0110 11111100 00000000
0110 11111100 00000001
0110 11111100 00000010
0110 11111100 00000011
0110 11111100 00000100
0110 11111100 00000101
0110 11111100 00000110
0110 11111100 00000111
0110 11111101 11111000
0110 11111101 11111001
0110 11111101 11111010
0110 11111101 11111011
0110 11111101 11111100
0110 11111101 11111101
0110 11111101 11111110
0110 11111101 11111111
0110 11111101 00000000
0110 11111101 00000001
0110 11111101 00000010
0110 11111101 00000011
0110 11111101 00000100
0110 11111101 00000101
0110 11111101 00000110
0110 11111101 00000111
0110 11111110 11111000
0110 11111110 11111001
0110 11111110 11111010
0110 11111110 11111011
0110 11111110 11111100
0110 11111110 11111101
0110 11111110 11111110
0110 11111110 11111111
0110 11111110 00000000
0110 11111110 00000001
0110 11111110 00000010
0110 11111110 00000011
0110 11111110 00000100
0110 11111110 00000101
0110 11111110 00000110
0110 11111110 00000111
0110 11111111 11111000
0110 11111111 11111001
0110 11111111 11111010
0110 11111111 11111011
0110 11111111 11111100
0110 11111111 11111101
0110 11111111 11111110
0110 11111111 11111111
0110 11111111 00000000
0110 11111111 00000001
0110 11111111 00000010
0110 11111111 00000011
0110 11111111 00000100
0110 11111111 00000101
0110 11111111 00000110
0110 11111111 00000111
0110 00000000 11111000
0110 00000000 11111001
0110 00000000 11111010
0110 00000000 11111011
0110 00000000 11111100
0110 00000000 11111101
0110 00000000 11111110
0110 00000000 11111111
0110 00000000 00000000
0110 00000000 00000001
0110 00000000 00000010
0110 00000000 00000011
0110 00000000 00000100
0110 00000000 00000101
0110 00000000 00000110
0110 00000000 00000111
0110 00000001 11111000
0110 00000001 11111001
0110 00000001 11111010
0110 00000001 11111011
0110 00000001 11111100
0110 00000001 11111101
0110 00000001 11111110
0110 00000001 11111111
0110 00000001 00000000
0110 00000001 00000001
0110 00000001 00000010
0110 00000001 00000011
0110 00000001 00000100
0110 00000001 00000101
0110 00000001 00000110
0110 00000001 00000111
0110 00000010 11111000
0110 00000010 11111001
0110 00000010 11111010
0110 00000010 11111011
0110 00000010 11111100
0110 00000010 11111101
0110 00000010 11111110
0110 00000010 11111111
0110 00000010 00000000
0110 00000010 00000001
0110 00000010 00000010
0110 00000010 00000011
0110 00000010 00000100
0110 00000010 00000101
0110 00000010 00000110
0110 00000010 00000111
0110 00000011 11111000
0110 00000011 11111001
0110 00000011 11111010
0110 00000011 11111011
0110 00000011 11111100
0110 00000011 11111101
0110 00000011 11111110
0110 00000011 11111111
0110 00000011 00000000
0110 00000011 00000001
0110 00000011 00000010
0110 00000011 00000011
0110 00000011 00000100
0110 00000011 00000101
0110 00000011 00000110
0110 00000011 00000111
0110 00000100 11111000
0110 00000100 11111001
0110 00000100 11111010
0110 00000100 11111011
0110 00000100 11111100
0110 00000100 11111101
0110 00000100 11111110
0110 00000100 11111111
0110 00000100 00000000
0110 00000100 00000001
0110 00000100 00000010
0110 00000100 00000011
0110 00000100 00000100
0110 00000100 00000101
0110 00000100 00000110
0110 00000100 00000111
0110 00000101 11111000
0110 00000101 11111001
0110 00000101 11111010
0110 00000101 11111011
0110 00000101 11111100
0110 00000101 11111101
0110 00000101 11111110
0110 00000101 11111111
0110 00000101 00000000
0110 00000101 00000001
0110 00000101 00000010
0110 00000101 00000011
0110 00000101 00000100
0110 00000101 00000101
0110 00000101 00000110
0110 00000101 00000111
0110 00000110 11111000
0110 00000110 11111001
0110 00000110 11111010
0110 00000110 11111011
0110 00000110 11111100
0110 00000110 11111101
0110 00000110 11111110
0110 00000110 11111111
0110 00000110 00000000
0110 00000110 00000001
0110 00000110 00000010
0110 00000110 00000011
0110 00000110 00000100
0110 00000110 00000101
0110 00000110 00000110
0110 00000110 00000111
0110 00000111 11111000
0110 00000111 11111001
0110 00000111 11111010
0110 00000111 11111011
0110 00000111 11111100
0110 00000111 11111101
0110 00000111 11111110
0110 00000111 11111111
0110 00000111 00000000
0110 00000111 00000001
0110 00000111 00000010
0110 00000111 00000011
0110 00000111 00000100
0110 00000111 00000101
0110 00000111 00000110
0110 00000111 00000111
0111 11111000 11111000
0111 11111000 11111001
0111 11111000 11111010
0111 11111000 11111011
0111 11111000 11111100
0111 11111000 11111101
0111 11111000 11111110
0111 11111000 11111111
0111 11111000 00000000
0111 11111000 00000001
0111 11111000 00000010
0111 11111000 00000011
0111 11111000 00000100
0111 11111000 00000101
0111 11111000 00000110
0111 11111000 00000111
0111 11111001 11111000
0111 11111001 11111001
0111 11111001 11111010
0111 11111001 11111011
0111 11111001 11111100
0111 11111001 11111101
0111 11111001 11111110
0111 11111001 11111111
0111 11111001 00000000
0111 11111001 00000001
0111 11111001 00000010
0111 11111001 00000011
0111 11111001 00000100
0111 11111001 00000101
0111 11111001 00000110
0111 11111001 00000111
0111 11111010 11111000
0111 11111010 11111001
0111 11111010 11111010
0111 11111010 11111011
0111 11111010 11111100
0111 11111010 11111101
0111 11111010 11111110
0111 11111010 11111111
0111 11111010 00000000
0111 11111010 00000001
0111 11111010 00000010
0111 11111010 00000011
0111 11111010 00000100
0111 11111010 00000101
0111 11111010 00000110
0111 11111010 00000111
0111 11111011 11111000
0111 11111011 11111001
0111 11111011 11111010
0111 11111011 11111011
0111 11111011 11111100
0111 11111011 11111101
0111 11111011 11111110
0111 11111011 11111111
0111 11111011 00000000
0111 11111011 00000001
0111 11111011 00000010
0111 11111011 00000011
0111 11111011 00000100
0111 11111011 00000101
0111 11111011 00000110
0111 11111011 00000111
0111 11111100 11111000
0111 11111100 11111001
0111 11111100 11111010
0111 11111100 11111011
0111 11111100 11111100
0111 11111100 11111101
0111 11111100 11111110
0111 11111100 11111111
0111 11111100 00000000
0111 11111100 00000001
0111 11111100 00000010
0111 11111100 00000011
0111 11111100 00000100
0111 11111100 00000101
0111 11111100 00000110
0111 11111100 00000111
0111 11111101 11111000
0111 11111101 11111001
0111 11111101 11111010
0111 11111101 11111011
0111 11111101 11111100
0111 11111101 11111101
0111 11111101 11111110
0111 11111101 11111111
0111 11111101 00000000
0111 11111101 00000001
0111 11111101 00000010
0111 11111101 00000011
0111 11111101 00000100
0111 11111101 00000101
0111 11111101 00000110
0111 11111101 00000111
0111 11111110 11111000
0111 11111110 11111001
0111 11111110 11111010
0111 11111110 11111011
0111 11111110 11111100
0111 11111110 11111101
0111 11111110 11111110
0111 11111110 11111111
0111 11111110 00000000
0111 11111110 00000001
0111 11111110 00000010
0111 11111110 00000011
0111 11111110 00000100
0111 11111110 00000101
0111 11111110 00000110
0111 11111110 00000111
0111 11111111 11111000
0111 11111111 11111001
0111 11111111 11111010
0111 11111111 11111011
0111 11111111 11111100
0111 11111111 11111101
0111 11111111 11111110
0111 11111111 11111111
0111 11111111 00000000
0111 11111111 00000001
0111 11111111 00000010
0111 11111111 00000011
0111 11111111 00000100
0111 11111111 00000101
0111 11111111 00000110
0111 11111111 00000111
0111 00000000 11111000
0111 00000000 11111001
0111 00000000 11111010
0111 00000000 11111011
0111 00000000 11111100
0111 00000000 11111101
0111 00000000 11111110
0111 00000000 11111111
0111 00000000 00000000
0111 00000000 00000001
0111 00000000 00000010
0111 00000000 00000011
0111 00000000 00000100
0111 00000000 00000101
0111 00000000 00000110
0111 00000000 00000111
0111 00000001 11111000
0111 00000001 11111001
0111 00000001 11111010
0111 00000001 11111011
0111 00000001 11111100
0111 00000001 11111101
0111 00000001 11111110
0111 00000001 11111111
0111 00000001 00000000
0111 00000001 00000001
0111 00000001 00000010
0111 00000001 00000011
0111 00000001 00000100
0111 00000001 00000101
0111 00000001 00000110
0111 00000001 00000111
0111 00000010 11111000
0111 00000010 11111001
0111 00000010 11111010
0111 00000010 11111011
0111 00000010 11111100
0111 00000010 11111101
0111 00000010 11111110
0111 00000010 11111111
0111 00000010 00000000
0111 00000010 00000001
0111 00000010 00000010
0111 00000010 00000011
0111 00000010 00000100
0111 00000010 00000101
0111 00000010 00000110
0111 00000010 00000111
0111 00000011 11111000
0111 00000011 11111001
0111 00000011 11111010
0111 00000011 11111011
0111 00000011 11111100
0111 00000011 11111101
0111 00000011 11111110
0111 00000011 11111111
0111 00000011 00000000
0111 00000011 00000001
0111 00000011 00000010
0111 00000011 00000011
0111 00000011 00000100
0111 00000011 00000101
0111 00000011 00000110
0111 00000011 00000111
0111 00000100 11111000
0111 00000100 11111001
0111 00000100 11111010
0111 00000100 11111011
0111 00000100 11111100
0111 00000100 11111101
0111 00000100 11111110
0111 00000100 11111111
0111 00000100 00000000
0111 00000100 00000001
0111 00000100 00000010
0111 00000100 00000011
0111 00000100 00000100
0111 00000100 00000101
0111 00000100 00000110
0111 00000100 00000111
0111 00000101 11111000
0111 00000101 11111001
0111 00000101 11111010
0111 00000101 11111011
0111 00000101 11111100
0111 00000101 11111101
0111 00000101 11111110
0111 00000101 11111111
0111 00000101 00000000
0111 00000101 00000001
0111 00000101 00000010
0111 00000101 00000011
0111 00000101 00000100
0111 00000101 00000101
0111 00000101 00000110
0111 00000101 00000111
0111 00000110 11111000
0111 00000110 11111001
0111 00000110 11111010
0111 00000110 11111011
0111 00000110 11111100
0111 00000110 11111101
0111 00000110 11111110
0111 00000110 11111111
0111 00000110 00000000
0111 00000110 00000001
0111 00000110 00000010
0111 00000110 00000011
0111 00000110 00000100
0111 00000110 00000101
0111 00000110 00000110
0111 00000110 00000111
0111 00000111 11111000
0111 00000111 11111001
0111 00000111 11111010
0111 00000111 11111011
0111 00000111 11111100
0111 00000111 11111101
0111 00000111 11111110
0111 00000111 11111111
0111 00000111 00000000
0111 00000111 00000001
0111 00000111 00000010
0111 00000111 00000011
0111 00000111 00000100
0111 00000111 00000101
0111 00000111 00000110
0111 00000111 00000111
